1 0.9523938 0.9018428 0.85699 0.7990662 0.738076 0.682845 0.6215353 0.5525536 0.4811481 0.358089 -0.02642716 0.009681394 0.9084515 0.8561506 0.8046101 0.7516511 0.6887585 0.6220853 0.5525175 0.4800423 0.3910686 0.279924 0.01998598 -0.03864923 0.01872386 -0.02114809 0.007266505 0.03144778 0 0
0.9523938 1 0.9481241 0.8962136 0.8356697 0.7708997 0.7153481 0.647463 0.5745003 0.4911431 0.3712137 -0.01905627 0.006451054 0.8541721 0.9011537 0.8484459 0.7878611 0.7222647 0.6516468 0.5814968 0.5017145 0.4080531 0.2811078 0.02233215 -0.04040898 0.02024742 -0.02203801 -0.002816888 0.02001419 0 0
0.9018428 0.9481241 1 0.9493397 0.8897349 0.8246169 0.7661761 0.6926848 0.6187596 0.5328075 0.3918628 -0.01886402 0.02055858 0.7894218 0.8343736 0.8900151 0.8301962 0.7652314 0.6938868 0.6196711 0.533027 0.4369766 0.3044698 0.002356067 -0.04135899 0.02568066 -0.01677315 -0.009666424 0.004327839 0 0
0.85699 0.8962136 0.9493397 1 0.9386566 0.8663423 0.8051265 0.7278374 0.6489025 0.5641914 0.3999257 -0.01437704 0.01280545 0.7379109 0.7751505 0.8312247 0.8784102 0.8118329 0.7330447 0.6556075 0.5649275 0.4634936 0.3331106 -0.00558464 -0.06468624 0.01934446 -0.007479772 -0.01022542 0.0009093583 0 0
0.7990662 0.8356697 0.8897349 0.9386566 1 0.928633 0.8643151 0.7858711 0.709718 0.6111539 0.4397408 -0.01754155 0.01359896 0.6641767 0.6979563 0.7534789 0.7978838 0.8609916 0.7828867 0.7010794 0.6085664 0.5095411 0.3600436 0.004993461 -0.06569032 0.02227589 -0.01129305 0.004186468 -0.01901556 0 0
0.738076 0.7708997 0.8246169 0.8663423 0.928633 1 0.9261999 0.842684 0.7617059 0.65749 0.4801957 0.01201352 -0.02298359 0.5832327 0.6121658 0.6654674 0.7010566 0.7626284 0.8371398 0.743552 0.6442654 0.5372035 0.3759362 -0.003167051 -0.059033 0.03110153 -0.001904985 -0.004062043 -0.003566893 0 0
0.682845 0.7153481 0.7661761 0.8051265 0.8643151 0.9261999 1 0.9044157 0.8196752 0.7057658 0.511605 0.003850683 -0.01552393 0.5161836 0.5442292 0.593239 0.6251779 0.6817338 0.7434164 0.8109135 0.6984156 0.5875017 0.4144554 0.01048903 -0.05393625 0.04770254 -0.02118616 -0.02866513 -0.01417178 0 0
0.6215353 0.647463 0.6926848 0.7278374 0.7858711 0.842684 0.9044157 1 0.8928742 0.7551086 0.5604814 -0.004596063 -0.004973181 0.4350473 0.4553263 0.4965289 0.5232409 0.5759492 0.628404 0.6798976 0.7780483 0.6406406 0.4346045 0.01928409 -0.06764947 0.03554871 -0.01484676 -0.03110981 -0.02050337 0 0
0.5525536 0.5745003 0.6187596 0.6489025 0.709718 0.7617059 0.8196752 0.8928742 1 0.8553659 0.648447 -0.01047925 -0.003361408 0.3286685 0.3431675 0.3802951 0.3994891 0.4509847 0.4924462 0.5351705 0.600976 0.700141 0.4767814 0.01767552 -0.08578212 0.01247859 -0.04390235 -0.02061342 -0.02490652 0 0
0.4811481 0.4911431 0.5328075 0.5641914 0.6111539 0.65749 0.7057658 0.7551086 0.8553659 1 0.7666664 0.01432408 0.01866608 0.2093488 0.2092954 0.2398278 0.2574912 0.2888878 0.3167355 0.3427616 0.3723272 0.440047 0.5499212 0.02260559 -0.0727879 0.00427308 -0.04220243 -0.007317387 -0.03186471 0 0
0.358089 0.3712137 0.3918628 0.3999257 0.4397408 0.4801957 0.511605 0.5604814 0.648447 0.7666664 1 -0.01347882 0.009981927 -0.01702542 -0.01818164 -0.01759215 -0.03074776 -0.01816616 -0.01209503 -0.01734986 -0.007424639 0.001267881 -0.002404355 -0.01505981 -0.1061247 0.01431986 -0.01545136 -0.006170169 -0.01165766 0 0
-0.02642716 -0.01905627 -0.01886402 -0.01437704 -0.01754155 0.01201352 0.003850683 -0.004596063 -0.01047925 0.01432408 -0.01347882 1 0.01048751 -0.01264066 -0.004398356 -0.003437623 0.002138307 -9.407709e-05 0.03368723 0.02647995 0.01924994 0.01694585 0.05663576 0.04832721 0.06029356 0.04326715 0.02397758 -0.01227198 0.05014467 0 0
0.009681394 0.006451054 0.02055858 0.01280545 0.01359896 -0.02298359 -0.01552393 -0.004973181 -0.003361408 0.01866608 0.009981927 0.01048751 1 0.008719069 0.005312117 0.02021271 0.0119684 0.01286754 -0.02704671 -0.01918019 -0.007865351 -0.00671216 0.02067163 0.01238908 0.01535216 -0.02273956 -0.01456737 -0.0301392 -0.02245889 0 0
0.9084515 0.8541721 0.7894218 0.7379109 0.6641767 0.5832327 0.5161836 0.4350473 0.3286685 0.2093488 -0.01702542 -0.01264066 0.008719069 1 0.9480882 0.8925996 0.8431799 0.778737 0.7100695 0.6472467 0.5759444 0.4934085 0.4046652 0.2275004 0.00811908 0.01117283 -0.01838159 0.0136177 0.03700894 0 0
0.8561506 0.9011537 0.8343736 0.7751505 0.6979563 0.6121658 0.5442292 0.4553263 0.3431675 0.2092954 -0.01818164 -0.004398356 0.005312117 0.9480882 1 0.9430644 0.8857449 0.8183312 0.7453718 0.6821287 0.6031389 0.5158505 0.411353 0.2384634 0.008141638 0.01248152 -0.01922598 0.003336793 0.02531331 0 0
0.8046101 0.8484459 0.8900151 0.8312247 0.7534789 0.6654674 0.593239 0.4965289 0.3802951 0.2398278 -0.01759215 -0.003437623 0.02021271 0.8925996 0.9430644 1 0.94319 0.8757845 0.8013222 0.7336274 0.6467668 0.5565706 0.4465381 0.2310336 0.009834952 0.01791015 -0.01366638 -0.00354513 0.009223559 0 0
0.7516511 0.7878611 0.8301962 0.8784102 0.7978838 0.7010566 0.6251779 0.5232409 0.3994891 0.2574912 -0.03074776 0.002138307 0.0119684 0.8431799 0.8857449 0.94319 1 0.9307768 0.8482811 0.7775379 0.6864143 0.5908494 0.4842945 0.234667 -0.01218467 0.0107751 -0.003644825 -0.0038121 0.005856069 0 0
0.6887585 0.7222647 0.7652314 0.8118329 0.8609916 0.7626284 0.6817338 0.5759492 0.4509847 0.2888878 -0.01816616 -9.407709e-05 0.01286754 0.778737 0.8183312 0.8757845 0.9307768 1 0.917255 0.8416622 0.7477385 0.6543264 0.5279659 0.264766 -0.009725358 0.01342239 -0.007504875 0.01207317 -0.01514182 0 0
0.6220853 0.6516468 0.6938868 0.7330447 0.7828867 0.8371398 0.7434164 0.628404 0.4924462 0.3167355 -0.01209503 0.03368723 -0.02704671 0.7100695 0.7453718 0.8013222 0.8482811 0.917255 1 0.9110236 0.8083173 0.7053301 0.5663217 0.2809019 0.002066651 0.02252419 0.002980456 0.003863204 0.001879596 0 0
0.5525175 0.5814968 0.6196711 0.6556075 0.7010794 0.743552 0.8109135 0.6798976 0.5351705 0.3427616 -0.01734986 0.02647995 -0.01918019 0.6472467 0.6821287 0.7336274 0.7775379 0.8416622 0.9110236 1 0.8823193 0.7752884 0.6249224 0.3193216 0.01264165 0.04016849 -0.01788848 -0.02262878 -0.009374716 0 0
0.4800423 0.5017145 0.533027 0.5649275 0.6085664 0.6442654 0.6984156 0.7780483 0.600976 0.3723272 -0.007424639 0.01924994 -0.007865351 0.5759444 0.6031389 0.6467668 0.6864143 0.7477385 0.8083173 0.8823193 1 0.8619433 0.6742215 0.359917 0.003015127 0.02638881 -0.01071203 -0.02518717 -0.01623489 0 0
0.3910686 0.4080531 0.4369766 0.4634936 0.5095411 0.5372035 0.5875017 0.6406406 0.700141 0.440047 0.001267881 0.01694585 -0.00671216 0.4934085 0.5158505 0.5565706 0.5908494 0.6543264 0.7053301 0.7752884 0.8619433 1 0.7882161 0.4279017 -0.00653167 -0.001637163 -0.04490905 -0.0126015 -0.02131529 0 0
0.279924 0.2811078 0.3044698 0.3331106 0.3600436 0.3759362 0.4144554 0.4346045 0.4767814 0.5499212 -0.002404355 0.05663576 0.02067163 0.4046652 0.411353 0.4465381 0.4842945 0.5279659 0.5663217 0.6249224 0.6742215 0.7882161 1 0.5562895 0.02918713 -0.01578182 -0.04531192 0.00591164 -0.03058378 0 0
0.01998598 0.02233215 0.002356067 -0.00558464 0.004993461 -0.003167051 0.01048903 0.01928409 0.01767552 0.02260559 -0.01505981 0.04832721 0.01238908 0.2275004 0.2384634 0.2310336 0.234667 0.264766 0.2809019 0.3193216 0.359917 0.4279017 0.5562895 1 0.03639362 -0.01399508 -0.01149267 0.01815495 -0.001574562 0 0
-0.03864923 -0.04040898 -0.04135899 -0.06468624 -0.06569032 -0.059033 -0.05393625 -0.06764947 -0.08578212 -0.0727879 -0.1061247 0.06029356 0.01535216 0.00811908 0.008141638 0.009834952 -0.01218467 -0.009725358 0.002066651 0.01264165 0.003015127 -0.00653167 0.02918713 0.03639362 1 0.02670653 -0.04268452 -0.006846761 0.01257914 0 0
0.01872386 0.02024742 0.02568066 0.01934446 0.02227589 0.03110153 0.04770254 0.03554871 0.01247859 0.00427308 0.01431986 0.04326715 -0.02273956 0.01117283 0.01248152 0.01791015 0.0107751 0.01342239 0.02252419 0.04016849 0.02638881 -0.001637163 -0.01578182 -0.01399508 0.02670653 1 -0.004764134 0.004880544 0.0661982 0 0
-0.02114809 -0.02203801 -0.01677315 -0.007479772 -0.01129305 -0.001904985 -0.02118616 -0.01484676 -0.04390235 -0.04220243 -0.01545136 0.02397758 -0.01456737 -0.01838159 -0.01922598 -0.01366638 -0.003644825 -0.007504875 0.002980456 -0.01788848 -0.01071203 -0.04490905 -0.04531192 -0.01149267 -0.04268452 -0.004764134 1 0.01959899 -0.006656531 0 0
0.007266505 -0.002816888 -0.009666424 -0.01022542 0.004186468 -0.004062043 -0.02866513 -0.03110981 -0.02061342 -0.007317387 -0.006170169 -0.01227198 -0.0301392 0.0136177 0.003336793 -0.00354513 -0.0038121 0.01207317 0.003863204 -0.02262878 -0.02518717 -0.0126015 0.00591164 0.01815495 -0.006846761 0.004880544 0.01959899 1 0.01066854 0 0
0.03144778 0.02001419 0.004327839 0.0009093583 -0.01901556 -0.003566893 -0.01417178 -0.02050337 -0.02490652 -0.03186471 -0.01165766 0.05014467 -0.02245889 0.03700894 0.02531331 0.009223559 0.005856069 -0.01514182 0.001879596 -0.009374716 -0.01623489 -0.02131529 -0.03058378 -0.001574562 0.01257914 0.0661982 -0.006656531 0.01066854 1 0 0
0 0 0 0 0 0 0 0 0 0 0 0 0 0 0 0 0 0 0 0 0 0 0 0 0 0 0 0 0 1 0
0 0 0 0 0 0 0 0 0 0 0 0 0 0 0 0 0 0 0 0 0 0 0 0 0 0 0 0 0 0 1
