X1_obs         X1_true        Y1_obs         Y1_unbiased    Y1_sim         Y1_res         Y1_stdres      
   0.284000E+01   0.284000E+01   0.126500E+04   0.126500E+04   0.126739E+04  -0.239134E+01  -0.237391E-01
   0.280000E+01   0.280000E+01   0.125500E+04   0.125500E+04   0.123916E+04   0.158414E+02   0.157835E+00
   0.275000E+01   0.275000E+01   0.120500E+04   0.120500E+04   0.120422E+04   0.779884E+00   0.789718E-02
   0.509000E+01   0.509000E+01   0.353100E+04   0.353100E+04   0.357230E+04  -0.413006E+02  -0.211203E+00
   0.517000E+01   0.517000E+01   0.365000E+04   0.365000E+04   0.364427E+04   0.573050E+01   0.285083E-01
   0.508000E+01   0.508000E+01   0.351500E+04   0.351500E+04   0.356334E+04  -0.483421E+02  -0.174708E+00
   0.516000E+01   0.516000E+01   0.366000E+04   0.366000E+04   0.363524E+04   0.247558E+02   0.862169E-01
   0.494000E+01   0.494000E+01   0.336500E+04   0.336500E+04   0.343880E+04  -0.738039E+02  -0.392694E+00
   0.497000E+01   0.497000E+01   0.347900E+04   0.347900E+04   0.346535E+04   0.136482E+02   0.706828E-01
   0.496000E+01   0.496000E+01   0.335000E+04   0.335000E+04   0.345649E+04  -0.106494E+03  -0.402084E+00
   0.725000E+01   0.725000E+01   0.564500E+04   0.564500E+04   0.569526E+04  -0.502591E+02  -0.169769E+00
   0.719000E+01   0.719000E+01   0.561100E+04   0.561100E+04   0.563143E+04  -0.204294E+02  -0.693991E-01
   0.725000E+01   0.725000E+01   0.566000E+04   0.566000E+04   0.569526E+04  -0.352591E+02  -0.812808E-01
   0.726000E+01   0.726000E+01   0.551000E+04   0.551000E+04   0.570624E+04  -0.196240E+03  -0.464147E+00
   0.425000E+01   0.425000E+01   0.278900E+04   0.278900E+04   0.284950E+04  -0.604973E+02  -0.373614E+00
   0.443000E+01   0.443000E+01   0.293200E+04   0.293200E+04   0.299925E+04  -0.672452E+02  -0.399550E+00
   0.443000E+01   0.443000E+01   0.292500E+04   0.292500E+04   0.299925E+04  -0.742452E+02  -0.316699E+00
   0.428000E+01   0.428000E+01   0.282500E+04   0.282500E+04   0.287426E+04  -0.492569E+02  -0.216686E+00
   0.408000E+01   0.408000E+01   0.262400E+04   0.262400E+04   0.271070E+04  -0.867047E+02  -0.560488E+00
   0.402000E+01   0.402000E+01   0.255500E+04   0.255500E+04   0.266234E+04  -0.107337E+03  -0.707487E+00
   0.408000E+01   0.408000E+01   0.265000E+04   0.265000E+04   0.271070E+04  -0.607047E+02  -0.282367E+00
   0.510000E+01   0.510000E+01   0.370000E+04   0.370000E+04   0.358127E+04   0.118732E+03   0.409472E+00
   0.523000E+01   0.523000E+01   0.387000E+04   0.387000E+04   0.369860E+04   0.171404E+03   0.567057E+00
   0.539000E+01   0.539000E+01   0.385000E+04   0.385000E+04   0.384492E+04   0.507818E+01   0.168749E-01
   0.596000E+01   0.596000E+01   0.447500E+04   0.447500E+04   0.438315E+04   0.918543E+02   0.265101E+00
   0.609000E+01   0.609000E+01   0.457000E+04   0.457000E+04   0.450954E+04   0.604595E+02   0.171046E+00
   0.625000E+01   0.625000E+01   0.470000E+04   0.470000E+04   0.466693E+04   0.330695E+02   0.910946E-01
   0.646000E+01   0.646000E+01   0.490000E+04   0.490000E+04   0.487654E+04   0.234636E+02   0.621182E-01
   0.643000E+01   0.643000E+01   0.469500E+04   0.469500E+04   0.484638E+04  -0.151383E+03  -0.604495E+00
   0.636000E+01   0.636000E+01   0.440000E+04   0.440000E+04   0.477630E+04  -0.376297E+03  -0.110258E+01
   0.372000E+01   0.372000E+01   0.237000E+04   0.237000E+04   0.242540E+04  -0.553972E+02  -0.385554E+00
   0.362000E+01   0.362000E+01   0.238500E+04   0.238500E+04   0.234825E+04   0.367453E+02   0.254832E+00
   0.364000E+01   0.364000E+01   0.237000E+04   0.237000E+04   0.236361E+04   0.639106E+01   0.327112E-01
   0.364000E+01   0.364000E+01   0.233200E+04   0.233200E+04   0.236361E+04  -0.316089E+02  -0.222548E+00
   0.853000E+01   0.853000E+01   0.752000E+04   0.752000E+04   0.742172E+04   0.982781E+02   0.253643E+00
   0.852000E+01   0.852000E+01   0.750000E+04   0.750000E+04   0.740753E+04   0.924705E+02   0.162166E+00
   0.853000E+01   0.853000E+01   0.751000E+04   0.751000E+04   0.742172E+04   0.882781E+02   0.154611E+00
   0.314000E+01   0.314000E+01   0.174400E+04   0.174400E+04   0.199108E+04  -0.247076E+03  -0.208569E+01
   0.304000E+01   0.304000E+01   0.184500E+04   0.184500E+04   0.191945E+04  -0.744492E+02  -0.465772E+00
   0.314000E+01   0.314000E+01   0.197500E+04   0.197500E+04   0.199108E+04  -0.160760E+02  -0.126379E+00
   0.298000E+01   0.298000E+01   0.177000E+04   0.177000E+04   0.187694E+04  -0.106943E+03  -0.690213E+00
   0.290000E+01   0.290000E+01   0.177600E+04   0.177600E+04   0.182082E+04  -0.448212E+02  -0.375498E+00
   0.297000E+01   0.297000E+01   0.184600E+04   0.184600E+04   0.186989E+04  -0.238933E+02  -0.195735E+00
   0.440000E+01   0.440000E+01   0.303400E+04   0.303400E+04   0.297409E+04   0.599106E+02   0.346839E+00
   0.423000E+01   0.423000E+01   0.285100E+04   0.285100E+04   0.283304E+04   0.179648E+02   0.109155E+00
   0.990000E+00   0.990000E+00   0.679000E+03   0.679000E+03   0.683497E+03  -0.449675E+01  -0.534574E-01
   0.101000E+01   0.101000E+01   0.679000E+03   0.679000E+03   0.693213E+03  -0.142127E+02  -0.168916E+00
   0.137000E+01   0.137000E+01   0.959000E+03   0.959000E+03   0.876637E+03   0.823626E+02   0.904266E+00
   0.143000E+01   0.143000E+01   0.985000E+03   0.985000E+03   0.908743E+03   0.762569E+02   0.712135E+00
   0.600000E+00   0.600000E+00   0.453000E+03   0.453000E+03   0.504494E+03  -0.514937E+02  -0.645254E+00
   0.480000E+00   0.480000E+00   0.472000E+03   0.472000E+03   0.453564E+03   0.184360E+02   0.230569E+00
   0.607000E+01   0.607000E+01   0.439500E+04   0.439500E+04   0.449001E+04  -0.950083E+02  -0.402401E+00
   0.608000E+01   0.608000E+01   0.437600E+04   0.437600E+04   0.449977E+04  -0.123770E+03  -0.526171E+00
   0.606000E+01   0.606000E+01   0.433400E+04   0.433400E+04   0.448025E+04  -0.146254E+03  -0.434871E+00
   0.303000E+01   0.303000E+01   0.188200E+04   0.188200E+04   0.191234E+04  -0.303403E+02  -0.245662E+00
   0.302000E+01   0.302000E+01   0.184500E+04   0.184500E+04   0.190524E+04  -0.602412E+02  -0.493420E+00
   0.313000E+01   0.313000E+01   0.196200E+04   0.196200E+04   0.198387E+04  -0.218695E+02  -0.172622E+00
   0.285000E+01   0.285000E+01   0.163100E+04   0.163100E+04   0.178607E+04  -0.155068E+03  -0.136007E+01
   0.408000E+01   0.408000E+01   0.278300E+04   0.278300E+04   0.271070E+04   0.722953E+02   0.447670E+00
   0.409000E+01   0.409000E+01   0.261500E+04   0.261500E+04   0.271880E+04  -0.103797E+03  -0.672595E+00
   0.199000E+01   0.199000E+01   0.126400E+04   0.126400E+04   0.122853E+04   0.354733E+02   0.352518E+00
   0.218000E+01   0.218000E+01   0.136600E+04   0.136600E+04   0.134499E+04   0.210117E+02   0.201796E+00
   0.137000E+01   0.137000E+01   0.938000E+03   0.938000E+03   0.876637E+03   0.613626E+02   0.677786E+00
   0.123000E+01   0.123000E+01   0.878000E+03   0.878000E+03   0.803409E+03   0.745908E+02   0.839420E+00
   0.277000E+01   0.277000E+01   0.168800E+04   0.168800E+04   0.173098E+04  -0.429819E+02  -0.370608E+00
   0.293000E+01   0.293000E+01   0.186400E+04   0.186400E+04   0.184179E+04   0.222074E+02   0.180979E+00
   0.430000E+01   0.430000E+01   0.290500E+04   0.290500E+04   0.289081E+04   0.141925E+02   0.849870E-01
   0.436000E+01   0.436000E+01   0.286800E+04   0.286800E+04   0.294067E+04  -0.726711E+02  -0.439232E+00
   0.610000E+01   0.610000E+01   0.446000E+04   0.446000E+04   0.451932E+04  -0.593185E+02  -0.248031E+00
   0.226000E+01   0.226000E+01   0.141600E+04   0.141600E+04   0.139519E+04   0.208100E+02   0.196558E+00
   0.402000E+01   0.402000E+01   0.287500E+04   0.287500E+04   0.266234E+04   0.212663E+03   0.128565E+01
   0.409000E+01   0.409000E+01   0.267000E+04   0.267000E+04   0.271880E+04  -0.487975E+02  -0.311485E+00
   0.559000E+01   0.559000E+01   0.401900E+04   0.401900E+04   0.403078E+04  -0.117818E+02  -0.539782E-01
   0.567000E+01   0.567000E+01   0.413300E+04   0.413300E+04   0.410604E+04   0.269638E+02   0.120590E+00
   0.657000E+01   0.657000E+01   0.496200E+04   0.496200E+04   0.498769E+04  -0.256916E+02  -0.976494E-01
   0.666000E+01   0.666000E+01   0.507200E+04   0.507200E+04   0.507933E+04  -0.732805E+01  -0.273061E-01
   0.544000E+01   0.544000E+01   0.396000E+04   0.396000E+04   0.389108E+04   0.689194E+02   0.319929E+00
   0.618000E+01   0.618000E+01   0.462600E+04   0.462600E+04   0.459783E+04   0.281747E+02   0.114075E+00
   0.740000E+01   0.740000E+01   0.589700E+04   0.589700E+04   0.588661E+04   0.103918E+02   0.337159E-01
   0.164000E+01   0.164000E+01   0.104700E+04   0.104700E+04   0.102446E+04   0.225448E+02   0.240413E+00
   0.199000E+01   0.199000E+01   0.126300E+04   0.126300E+04   0.122853E+04   0.344733E+02   0.342687E+00
   0.156000E+01   0.156000E+01   0.106800E+04   0.106800E+04   0.979767E+03   0.882329E+02   0.935911E+00
   0.146000E+01   0.146000E+01   0.944000E+03   0.944000E+03   0.924957E+03   0.190435E+02   0.209750E+00
   0.398000E+01   0.398000E+01   0.264100E+04   0.264100E+04   0.263027E+04   0.107283E+02   0.690761E-01
   0.415000E+01   0.415000E+01   0.287100E+04   0.287100E+04   0.276754E+04   0.103458E+03   0.625620E+00
   0.396000E+01   0.396000E+01   0.268600E+04   0.268600E+04   0.261429E+04   0.717066E+02   0.329846E+00
   0.398000E+01   0.398000E+01   0.274500E+04   0.274500E+04   0.263027E+04   0.114728E+03   0.517925E+00
   0.400000E+01   0.400000E+01   0.273900E+04   0.273900E+04   0.264629E+04   0.927139E+02   0.419307E+00
   0.594000E+01   0.594000E+01   0.441100E+04   0.441100E+04   0.436382E+04   0.471809E+02   0.138025E+00
   0.333000E+01   0.333000E+01   0.215600E+04   0.215600E+04   0.212984E+04   0.261639E+02   0.144839E+00
   0.320000E+01   0.320000E+01   0.208200E+04   0.208200E+04   0.203452E+04   0.474810E+02   0.270418E+00
   0.530000E+00   0.530000E+00   0.413000E+03   0.413000E+03   0.474540E+03  -0.615396E+02  -0.777132E+00
   0.380000E+00   0.380000E+00   0.395000E+03   0.395000E+03   0.412681E+03  -0.176812E+02  -0.224351E+00
   0.811000E+01   0.811000E+01   0.683800E+04   0.683800E+04   0.683488E+04   0.311794E+01   0.598388E-02
   0.309000E+01   0.309000E+01   0.196400E+04   0.196400E+04   0.195514E+04   0.885938E+01   0.528387E-01
   0.555000E+01   0.555000E+01   0.390000E+04   0.390000E+04   0.399335E+04  -0.933491E+02  -0.306431E+00
   0.650000E+00   0.650000E+00   0.560000E+03   0.560000E+03   0.526304E+03   0.336956E+02   0.385809E+00
   0.800000E+00   0.800000E+00   0.650000E+03   0.650000E+03   0.593771E+03   0.562289E+02   0.618465E+00
   0.500000E+00   0.500000E+00   0.470000E+03   0.470000E+03   0.461912E+03   0.808811E+01   0.961093E-01
   0.490000E+01   0.490000E+01   0.331000E+04   0.331000E+04   0.340352E+04  -0.935250E+02  -0.357008E+00
   0.492000E+01   0.492000E+01   0.332000E+04   0.332000E+04   0.342115E+04  -0.101148E+03  -0.385040E+00
   0.495000E+01   0.495000E+01   0.342000E+04   0.342000E+04   0.344764E+04  -0.276448E+02  -0.102451E+00
   0.500000E+01   0.500000E+01   0.348000E+04   0.348000E+04   0.349198E+04  -0.119756E+02  -0.436830E-01
   0.218000E+01   0.218000E+01   0.136000E+04   0.136000E+04   0.134499E+04   0.150117E+02   0.116581E+00
   0.139000E+01   0.139000E+01   0.928000E+03   0.928000E+03   0.887292E+03   0.407084E+02   0.484631E+00
   0.373000E+01   0.373000E+01   0.243700E+04   0.243700E+04   0.243316E+04   0.383760E+01   0.325728E-01
   0.640000E+01   0.640000E+01   0.465700E+04   0.465700E+04   0.481630E+04  -0.159300E+03  -0.861877E+00
   0.640000E+01   0.640000E+01   0.474800E+04   0.474800E+04   0.481630E+04  -0.682998E+02  -0.186302E+00
   0.720000E+01   0.720000E+01   0.540700E+04   0.540700E+04   0.564205E+04  -0.235049E+03  -0.112353E+01
   0.720000E+01   0.720000E+01   0.543500E+04   0.543500E+04   0.564205E+04  -0.207049E+03  -0.496204E+00
   0.685000E+01   0.685000E+01   0.550200E+04   0.550200E+04   0.527481E+04   0.227188E+03   0.107246E+01
   0.740000E+01   0.740000E+01   0.593000E+04   0.593000E+04   0.588661E+04   0.433918E+02   0.191883E+00
   0.770000E+01   0.770000E+01   0.627800E+04   0.627800E+04   0.628050E+04  -0.249569E+01  -0.520459E-02
   0.772000E+01   0.772000E+01   0.642300E+04   0.642300E+04   0.630711E+04   0.115890E+03   0.236408E+00
   0.785000E+01   0.785000E+01   0.614800E+04   0.614800E+04   0.648118E+04  -0.333181E+03  -0.142551E+01
   0.786000E+01   0.786000E+01   0.618700E+04   0.618700E+04   0.649465E+04  -0.307648E+03  -0.650532E+00
   0.964000E+01   0.964000E+01   0.930200E+04   0.930200E+04   0.907542E+04   0.226584E+03   0.476781E+00
   0.972000E+01   0.972000E+01   0.955500E+04   0.955500E+04   0.920280E+04   0.352202E+03   0.722187E+00
   0.990000E+01   0.990000E+01   0.957800E+04   0.957800E+04   0.949344E+04   0.845586E+02   0.116617E+00
   0.984000E+01   0.984000E+01   0.923300E+04   0.923300E+04   0.939595E+04  -0.162950E+03  -0.232974E+00
   0.717000E+01   0.717000E+01   0.595000E+04   0.595000E+04   0.561021E+04   0.339788E+03   0.746690E+00
   0.735000E+01   0.735000E+01   0.609300E+04   0.609300E+04   0.582194E+04   0.271062E+03   0.117179E+01
   0.765000E+01   0.765000E+01   0.617800E+04   0.617800E+04   0.621415E+04  -0.361528E+02  -0.765750E-01
   0.105000E+02   0.105000E+02   0.110290E+05   0.110290E+05   0.105003E+05   0.528689E+03   0.942994E+00
   0.103800E+02   0.103800E+02   0.108830E+05   0.108830E+05   0.102944E+05   0.588585E+03   0.106362E+01
   0.325000E+01   0.325000E+01   0.197400E+04   0.197400E+04   0.215338E+04  -0.179376E+03  -0.168988E+01
   0.328000E+01   0.328000E+01   0.197400E+04   0.197400E+04   0.217569E+04  -0.201693E+03  -0.119637E+01
   0.329000E+01   0.329000E+01   0.212800E+04   0.212800E+04   0.218315E+04  -0.551510E+02  -0.502351E+00
   0.331000E+01   0.331000E+01   0.222000E+04   0.222000E+04   0.219810E+04   0.219046E+02   0.223657E+00
   0.501000E+01   0.501000E+01   0.357000E+04   0.357000E+04   0.360082E+04  -0.308173E+02  -0.204570E+00
   0.500000E+01   0.500000E+01   0.353200E+04   0.353200E+04   0.359183E+04  -0.598323E+02  -0.400133E+00
   0.500000E+01   0.500000E+01   0.353200E+04   0.353200E+04   0.359183E+04  -0.598323E+02  -0.490585E+00
   0.355000E+01   0.355000E+01   0.242900E+04   0.242900E+04   0.238036E+04   0.486357E+02   0.479878E+00
   0.357000E+01   0.357000E+01   0.242100E+04   0.242100E+04   0.239580E+04   0.252038E+02   0.248900E+00
   0.520000E+01   0.520000E+01   0.382200E+04   0.382200E+04   0.377311E+04   0.488863E+02   0.383109E+00
   0.396000E+01   0.396000E+01   0.278500E+04   0.278500E+04   0.270405E+04   0.809489E+02   0.752826E+00
   0.416000E+01   0.416000E+01   0.305300E+04   0.305300E+04   0.286746E+04   0.185543E+03   0.165256E+01
   0.280000E+01   0.280000E+01   0.186600E+04   0.186600E+04   0.182904E+04   0.369617E+02   0.399920E+00
   0.164000E+01   0.164000E+01   0.110000E+04   0.110000E+04   0.108812E+04   0.118776E+02   0.143678E+00
   0.163000E+01   0.163000E+01   0.108900E+04   0.108900E+04   0.108237E+04   0.663186E+01   0.803243E-01
   0.149000E+01   0.149000E+01   0.103500E+04   0.103500E+04   0.100301E+04   0.319926E+02   0.390426E+00
   0.373000E+01   0.373000E+01   0.240600E+04   0.240600E+04   0.252058E+04  -0.114580E+03  -0.113127E+01
   0.369000E+01   0.369000E+01   0.228600E+04   0.228600E+04   0.248916E+04  -0.203163E+03  -0.204249E+01
   0.198000E+01   0.198000E+01   0.130300E+04   0.130300E+04   0.129042E+04   0.125804E+02   0.148089E+00
   0.196000E+01   0.196000E+01   0.126000E+04   0.126000E+04   0.127817E+04  -0.181671E+02  -0.214950E+00
   0.842000E+01   0.842000E+01   0.675900E+04   0.675900E+04   0.712148E+04  -0.362480E+03  -0.188016E+01
   0.831000E+01   0.831000E+01   0.652000E+04   0.652000E+04   0.699447E+04  -0.474475E+03  -0.253157E+01
   0.301000E+01   0.301000E+01   0.195000E+04   0.195000E+04   0.197795E+04  -0.279458E+02  -0.297887E+00
   0.103000E+01   0.103000E+01   0.762000E+03   0.762000E+03   0.758490E+03   0.350953E+01   0.441645E-01
   0.746000E+01   0.746000E+01   0.591800E+04   0.591800E+04   0.604211E+04  -0.124107E+03  -0.716304E+00
   0.424000E+01   0.424000E+01   0.303200E+04   0.303200E+04   0.293381E+04   0.981873E+02   0.876354E+00
   0.208000E+01   0.208000E+01   0.132700E+04   0.132700E+04   0.135233E+04  -0.253312E+02  -0.296882E+00
   0.635000E+01   0.635000E+01   0.485000E+04   0.485000E+04   0.487832E+04  -0.283176E+02  -0.189533E+00
   0.619000E+01   0.619000E+01   0.463000E+04   0.463000E+04   0.471828E+04  -0.882849E+02  -0.609945E+00
   0.620000E+01   0.620000E+01   0.463000E+04   0.463000E+04   0.472823E+04  -0.982287E+02  -0.678576E+00
   0.581000E+01   0.581000E+01   0.429500E+04   0.429500E+04   0.434623E+04  -0.512306E+02  -0.372419E+00
   0.502000E+01   0.502000E+01   0.363000E+04   0.363000E+04   0.360981E+04   0.201892E+02   0.163110E+00
   0.201000E+01   0.201000E+01   0.139400E+04   0.139400E+04   0.130888E+04   0.851203E+02   0.991020E+00
   0.203000E+01   0.203000E+01   0.141400E+04   0.141400E+04   0.132124E+04   0.927595E+02   0.107705E+01
   0.157000E+01   0.157000E+01   0.109000E+04   0.109000E+04   0.104808E+04   0.419187E+02   0.508154E+00
   0.348000E+01   0.348000E+01   0.219800E+04   0.219800E+04   0.232665E+04  -0.128646E+03  -0.131419E+01
   0.336000E+01   0.336000E+01   0.208200E+04   0.208200E+04   0.223562E+04  -0.153622E+03  -0.159852E+01
   0.391000E+01   0.391000E+01   0.280900E+04   0.280900E+04   0.266376E+04   0.145241E+03   0.134681E+01
   0.433000E+01   0.433000E+01   0.320500E+04   0.320500E+04   0.300914E+04   0.195864E+03   0.170103E+01
   0.437000E+01   0.437000E+01   0.322100E+04   0.322100E+04   0.304284E+04   0.178159E+03   0.154274E+01
   0.677000E+01   0.677000E+01   0.545100E+04   0.545100E+04   0.530777E+04   0.143233E+03   0.881912E+00
   0.832000E+01   0.832000E+01   0.712400E+04   0.712400E+04   0.700599E+04   0.118014E+03   0.587993E+00
   0.498000E+01   0.498000E+01   0.347700E+04   0.347700E+04   0.357389E+04  -0.968872E+02  -0.801127E+00
   0.207000E+01   0.207000E+01   0.147700E+04   0.147700E+04   0.134609E+04   0.130908E+03   0.150751E+01
   0.735000E+01   0.735000E+01   0.577200E+04   0.577200E+04   0.592268E+04  -0.150677E+03  -0.886343E+00
   0.740000E+01   0.740000E+01   0.585400E+04   0.585400E+04   0.597685E+04  -0.122853E+03  -0.715046E+00
   0.747000E+01   0.747000E+01   0.586500E+04   0.586500E+04   0.605301E+04  -0.188008E+03  -0.109216E+01
   0.160000E+01   0.160000E+01   0.109800E+04   0.109800E+04   0.106517E+04   0.328266E+02   0.397425E+00
   0.144000E+01   0.144000E+01   0.108800E+04   0.108800E+04   0.975212E+03   0.112788E+03   0.137035E+01
   0.137000E+01   0.137000E+01   0.954000E+03   0.954000E+03   0.936789E+03   0.172113E+02   0.212040E+00
   0.990000E+00   0.990000E+00   0.785000E+03   0.785000E+03   0.738444E+03   0.465558E+02   0.585188E+00
   0.440000E+01   0.440000E+01   0.318200E+04   0.318200E+04   0.306821E+04   0.113789E+03   0.990768E+00
   0.440000E+01   0.440000E+01   0.316400E+04   0.316400E+04   0.306821E+04   0.957893E+02   0.836308E+00
   0.272000E+01   0.272000E+01   0.175800E+04   0.175800E+04   0.177346E+04  -0.154585E+02  -0.169931E+00
   0.270000E+01   0.270000E+01   0.176600E+04   0.176600E+04   0.175966E+04   0.633653E+01   0.696041E-01
   0.682000E+01   0.682000E+01   0.545700E+04   0.545700E+04   0.535979E+04   0.972148E+02   0.597849E+00
   0.681000E+01   0.681000E+01   0.535300E+04   0.535300E+04   0.534937E+04   0.363360E+01   0.226508E-01
   0.750000E+01   0.750000E+01   0.626900E+04   0.626900E+04   0.608576E+04   0.183244E+03   0.101316E+01
   0.752000E+01   0.752000E+01   0.620100E+04   0.620100E+04   0.610762E+04   0.933762E+02   0.520432E+00
   0.860000E+01   0.860000E+01   0.743500E+04   0.743500E+04   0.733113E+04   0.103865E+03   0.499363E+00
   0.859000E+01   0.859000E+01   0.735300E+04   0.735300E+04   0.731943E+04   0.335720E+02   0.162850E+00
   0.955000E+01   0.955000E+01   0.853700E+04   0.853700E+04   0.861154E+04  -0.745441E+02  -0.318257E+00
   0.955000E+01   0.955000E+01   0.839900E+04   0.839900E+04   0.861154E+04  -0.212544E+03  -0.919760E+00
   0.976000E+01   0.976000E+01   0.863700E+04   0.863700E+04   0.894040E+04  -0.303399E+03  -0.128104E+01
   0.971000E+01   0.971000E+01   0.863800E+04   0.863800E+04   0.886139E+04  -0.223391E+03  -0.943451E+00
   0.148000E+01   0.148000E+01   0.965000E+03   0.965000E+03   0.984552E+03  -0.195521E+02  -0.240305E+00
   0.147000E+01   0.147000E+01   0.101400E+04   0.101400E+04   0.979008E+03   0.349917E+02   0.428178E+00
   0.236000E+01   0.236000E+01   0.172400E+04   0.172400E+04   0.151624E+04   0.207756E+03   0.230826E+01
   0.244000E+01   0.244000E+01   0.177800E+04   0.177800E+04   0.156871E+04   0.209292E+03   0.230568E+01
   0.255000E+01   0.255000E+01   0.183400E+04   0.183400E+04   0.164192E+04   0.192075E+03   0.209639E+01
   0.860000E+00   0.860000E+00   0.434000E+03   0.434000E+03   0.663562E+03  -0.229562E+03  -0.274865E+01
   0.870000E+00   0.870000E+00   0.522000E+03   0.522000E+03   0.668360E+03  -0.146360E+03  -0.169565E+01
   0.870000E+00   0.870000E+00   0.559000E+03   0.559000E+03   0.668360E+03  -0.109360E+03  -0.139874E+01
   0.890000E+00   0.890000E+00   0.596000E+03   0.596000E+03   0.677996E+03  -0.819960E+02  -0.104615E+01
   0.108800E+02   0.108800E+02   0.108810E+05   0.108810E+05   0.107862E+05   0.948003E+02   0.326371E+00
   0.109200E+02   0.109200E+02   0.108630E+05   0.108630E+05   0.108567E+05   0.632113E+01   0.217889E-01
   0.111000E+02   0.111000E+02   0.110510E+05   0.110510E+05   0.111767E+05  -0.125734E+03  -0.426526E+00
   0.107500E+02   0.107500E+02   0.106140E+05   0.106140E+05   0.105588E+05   0.552237E+02   0.194431E+00
   0.108700E+02   0.108700E+02   0.108100E+05   0.108100E+05   0.107686E+05   0.413833E+02   0.143298E+00
   0.107400E+02   0.107400E+02   0.104010E+05   0.104010E+05   0.105414E+05  -0.140386E+03  -0.503100E+00
   0.104900E+02   0.104900E+02   0.985100E+04   0.985100E+04   0.101115E+05  -0.260528E+03  -0.979887E+00
   0.993000E+01   0.993000E+01   0.900100E+04   0.900100E+04   0.918388E+04  -0.182877E+03  -0.745215E+00
   0.136000E+01   0.136000E+01   0.104100E+04   0.104100E+04   0.100745E+04   0.335464E+02   0.409100E+00
   0.190000E+01   0.190000E+01   0.103000E+04   0.103000E+04   0.103512E+04  -0.511500E+01  -0.623945E-01
   0.183000E+01   0.183000E+01   0.109500E+04   0.109500E+04   0.995820E+03   0.991805E+02   0.120347E+01
   0.241000E+01   0.241000E+01   0.160100E+04   0.160100E+04   0.147489E+04   0.126106E+03   0.142520E+01
   0.233000E+01   0.233000E+01   0.151200E+04   0.151200E+04   0.142363E+04   0.883674E+02   0.101124E+01
   0.261000E+01   0.261000E+01   0.181200E+04   0.181200E+04   0.160597E+04   0.206027E+03   0.225731E+01
   0.562000E+01   0.562000E+01   0.436400E+04   0.436400E+04   0.440024E+04  -0.362392E+02  -0.260723E+00
   0.551000E+01   0.551000E+01   0.428900E+04   0.428900E+04   0.427379E+04   0.152138E+02   0.110780E+00
   0.553000E+01   0.553000E+01   0.428100E+04   0.428100E+04   0.429667E+04  -0.156698E+02  -0.114201E+00
   0.550000E+01   0.550000E+01   0.429300E+04   0.429300E+04   0.426236E+04   0.306376E+02   0.222991E+00
   0.551000E+01   0.551000E+01   0.429000E+04   0.429000E+04   0.427379E+04   0.162138E+02   0.118045E+00
   0.520000E+00   0.520000E+00   0.470000E+03   0.470000E+03   0.459757E+03   0.102431E+02   0.132494E+00
   0.520000E+00   0.520000E+00   0.453000E+03   0.453000E+03   0.459757E+03  -0.675689E+01  -0.874719E-01
   0.500000E+00   0.500000E+00   0.445000E+03   0.445000E+03   0.451424E+03  -0.642357E+01  -0.832100E-01
   0.790000E+00   0.790000E+00   0.575000E+03   0.575000E+03   0.577691E+03  -0.269071E+01  -0.344796E-01
   0.810000E+00   0.810000E+00   0.567000E+03   0.567000E+03   0.586820E+03  -0.198202E+02  -0.254029E+00
   0.820000E+00   0.820000E+00   0.588000E+03   0.588000E+03   0.591405E+03  -0.340482E+01  -0.435781E-01
   0.130000E+01   0.130000E+01   0.108100E+04   0.108100E+04   0.993207E+03   0.877930E+02   0.106687E+01
   0.134000E+01   0.134000E+01   0.105500E+04   0.105500E+04   0.101557E+04   0.394294E+02   0.480078E+00
   0.440000E+01   0.440000E+01   0.327300E+04   0.327300E+04   0.321554E+04   0.574586E+02   0.492381E+00
   0.346000E+01   0.346000E+01   0.243700E+04   0.243700E+04   0.244420E+04  -0.720480E+01  -0.709163E-01
   0.347000E+01   0.347000E+01   0.245200E+04   0.245200E+04   0.245199E+04   0.770145E-02   0.756257E-04
   0.109000E+01   0.109000E+01   0.807000E+03   0.807000E+03   0.878871E+03  -0.718708E+02  -0.898058E+00
   0.401000E+01   0.401000E+01   0.293300E+04   0.293300E+04   0.288600E+04   0.469958E+02   0.426099E+00
   0.382000E+01   0.382000E+01   0.265100E+04   0.265100E+04   0.273030E+04  -0.793046E+02  -0.752139E+00
   0.378000E+01   0.378000E+01   0.274900E+04   0.274900E+04   0.269794E+04   0.510636E+02   0.477522E+00
   0.506000E+01   0.506000E+01   0.375400E+04   0.375400E+04   0.380282E+04  -0.488204E+02  -0.386283E+00
   0.505000E+01   0.505000E+01   0.379100E+04   0.379100E+04   0.379365E+04  -0.265095E+01  -0.208640E-01
   0.493000E+01   0.493000E+01   0.364900E+04   0.364900E+04   0.368426E+04  -0.352609E+02  -0.283790E+00
   0.493000E+01   0.493000E+01   0.363500E+04   0.363500E+04   0.368426E+04  -0.492609E+02  -0.397288E+00
   0.363000E+01   0.363000E+01   0.255900E+04   0.255900E+04   0.257784E+04  -0.188397E+02  -0.181653E+00
   0.360000E+01   0.360000E+01   0.250100E+04   0.250100E+04   0.255407E+04  -0.530651E+02  -0.516308E+00
   0.900000E+00   0.900000E+00   0.755000E+03   0.755000E+03   0.779972E+03  -0.249720E+02  -0.314214E+00
   0.880000E+00   0.880000E+00   0.759000E+03   0.759000E+03   0.769819E+03  -0.108186E+02  -0.136127E+00
   0.101000E+01   0.101000E+01   0.829000E+03   0.829000E+03   0.836695E+03  -0.769460E+01  -0.960994E-01
   0.106000E+01   0.106000E+01   0.785000E+03   0.785000E+03   0.862964E+03  -0.779644E+02  -0.976333E+00
   0.930000E+00   0.930000E+00   0.800000E+03   0.800000E+03   0.795295E+03   0.470525E+01   0.589735E-01
   0.198000E+01   0.198000E+01   0.149200E+04   0.149200E+04   0.139784E+04   0.941556E+02   0.108085E+01
   0.198000E+01   0.198000E+01   0.146500E+04   0.146500E+04   0.139784E+04   0.671556E+02   0.773452E+00
   0.199000E+01   0.199000E+01   0.142200E+04   0.142200E+04   0.140417E+04   0.178279E+02   0.206360E+00
   0.199000E+01   0.199000E+01   0.146200E+04   0.146200E+04   0.140417E+04   0.578279E+02   0.666156E+00
   0.493000E+01   0.493000E+01   0.365900E+04   0.365900E+04   0.368426E+04  -0.252609E+02  -0.203007E+00
   0.495000E+01   0.495000E+01   0.371600E+04   0.371600E+04   0.370241E+04   0.135902E+02   0.108276E+00
   0.496000E+01   0.496000E+01   0.373100E+04   0.373100E+04   0.371150E+04   0.195033E+02   0.155025E+00
   0.576000E+01   0.576000E+01   0.441400E+04   0.441400E+04   0.446486E+04  -0.508582E+02  -0.363076E+00
   0.410000E+01   0.410000E+01   0.256300E+04   0.256300E+04   0.251055E+04   0.524522E+02   0.506081E+00
   0.402000E+01   0.402000E+01   0.250200E+04   0.250200E+04   0.243679E+04   0.652104E+02   0.635801E+00
   0.715000E+01   0.715000E+01   0.574500E+04   0.574500E+04   0.592367E+04  -0.178669E+03  -0.105455E+01
   0.713000E+01   0.713000E+01   0.570700E+04   0.570700E+04   0.589770E+04  -0.190704E+03  -0.113118E+01
   0.711000E+01   0.711000E+01   0.567300E+04   0.567300E+04   0.587178E+04  -0.198783E+03  -0.118439E+01
   0.591000E+01   0.591000E+01   0.450700E+04   0.450700E+04   0.440028E+04   0.106725E+03   0.752548E+00
   0.591000E+01   0.591000E+01   0.463000E+04   0.463000E+04   0.440028E+04   0.229725E+03   0.159229E+01
   0.112000E+01   0.112000E+01   0.569000E+03   0.569000E+03   0.878796E+03  -0.309796E+03  -0.393443E+01
   0.113000E+01   0.113000E+01   0.586000E+03   0.586000E+03   0.884122E+03  -0.298122E+03  -0.378181E+01
   0.118000E+01   0.118000E+01   0.604000E+03   0.604000E+03   0.910931E+03  -0.306931E+03  -0.388617E+01
   0.164000E+01   0.164000E+01   0.119700E+04   0.119700E+04   0.117122E+04   0.257781E+02   0.307992E+00
   0.173000E+01   0.173000E+01   0.125400E+04   0.125400E+04   0.122495E+04   0.290507E+02   0.344447E+00
   0.430000E+01   0.430000E+01   0.325500E+04   0.325500E+04   0.310411E+04   0.150893E+03   0.129874E+01
   0.401000E+01   0.401000E+01   0.297000E+04   0.297000E+04   0.286109E+04   0.108909E+03   0.982356E+00
   0.402000E+01   0.402000E+01   0.297300E+04   0.297300E+04   0.286935E+04   0.103652E+03   0.934389E+00
   0.329000E+01   0.329000E+01   0.237200E+04   0.237200E+04   0.229029E+04   0.817057E+02   0.814421E+00
   0.163000E+01   0.163000E+01   0.113600E+04   0.113600E+04   0.116531E+04  -0.293077E+02  -0.352466E+00
   0.448000E+01   0.448000E+01   0.342100E+04   0.342100E+04   0.325862E+04   0.162379E+03   0.136004E+01
   0.990000E+00   0.990000E+00   0.819000E+03   0.819000E+03   0.810656E+03   0.834420E+01   0.104377E+00
   0.340000E+01   0.340000E+01   0.242100E+04   0.242100E+04   0.237443E+04   0.465748E+02   0.460140E+00
   0.340000E+01   0.340000E+01   0.242100E+04   0.242100E+04   0.237443E+04   0.465748E+02   0.460140E+00
   0.461000E+01   0.461000E+01   0.344700E+04   0.344700E+04   0.337194E+04   0.750576E+02   0.625200E+00
   0.464000E+01   0.464000E+01   0.344700E+04   0.344700E+04   0.339830E+04   0.487024E+02   0.405519E+00
   0.543000E+01   0.543000E+01   0.415800E+04   0.415800E+04   0.411932E+04   0.386844E+02   0.287511E+00
   0.154000E+01   0.154000E+01   0.112100E+04   0.112100E+04   0.111258E+04   0.841739E+01   0.101536E+00
   0.343000E+01   0.343000E+01   0.246200E+04   0.246200E+04   0.239757E+04   0.644345E+02   0.632453E+00
   0.301000E+01   0.301000E+01   0.212200E+04   0.212200E+04   0.208129E+04   0.407145E+02   0.422654E+00
   0.135000E+01   0.135000E+01   0.110800E+04   0.110800E+04   0.100429E+04   0.103713E+03   0.125651E+01
   0.470000E+00   0.470000E+00   0.538000E+03   0.538000E+03   0.559237E+03  -0.212368E+02  -0.272869E+00
   0.445000E+01   0.445000E+01   0.324800E+04   0.324800E+04   0.323268E+04   0.153248E+02   0.131783E+00
   0.131000E+01   0.131000E+01   0.102100E+04   0.102100E+04   0.982017E+03   0.389829E+02   0.476658E+00
   0.768000E+01   0.768000E+01   0.665465E+04   0.665465E+04   0.644169E+04   0.212964E+03   0.519993E+00
   0.930000E+01   0.930000E+01   0.800600E+04   0.800600E+04   0.855074E+04  -0.544736E+03  -0.675535E+00
   0.600000E+00   0.600000E+00   0.532100E+03   0.532100E+03   0.604988E+03  -0.728882E+02  -0.897097E+00
   0.530000E+00   0.530000E+00   0.531970E+03   0.531970E+03   0.572901E+03  -0.409309E+02  -0.504249E+00
   0.600000E+00   0.600000E+00   0.520880E+03   0.520880E+03   0.604988E+03  -0.841082E+02  -0.103751E+01
   0.632000E+01   0.632000E+01   0.499844E+04   0.499844E+04   0.496165E+04   0.367916E+02   0.201796E+00
   0.139000E+01   0.139000E+01   0.109107E+04   0.109107E+04   0.101002E+04   0.810460E+02   0.960543E+00
   0.280000E+00   0.280000E+00   0.397010E+03   0.397010E+03   0.463718E+03  -0.667083E+02  -0.859593E+00
   0.280000E+00   0.280000E+00   0.383410E+03   0.383410E+03   0.463718E+03  -0.803083E+02  -0.101928E+01
   0.510000E+00   0.510000E+00   0.508780E+03   0.508780E+03   0.563853E+03  -0.550730E+02  -0.694286E+00
   0.239000E+01   0.239000E+01   0.180352E+04   0.180352E+04   0.162563E+04   0.177890E+03   0.185328E+01
   0.235000E+01   0.235000E+01   0.169312E+04   0.169312E+04   0.159896E+04   0.941577E+02   0.100057E+01
   0.153000E+01   0.153000E+01   0.125138E+04   0.125138E+04   0.108959E+04   0.161794E+03   0.186978E+01
