X1_obs         X1_true        Y1_obs         Y1_unbiased    Y1_sim         Y1_res         Y1_stdres      
   0.284000E+01   0.284000E+01   0.126500E+04   0.126500E+04   0.140360E+04  -0.138602E+03  -0.923885E+00
   0.280000E+01   0.280000E+01   0.125500E+04   0.125500E+04   0.138034E+04  -0.125342E+03  -0.836919E+00
   0.275000E+01   0.275000E+01   0.120500E+04   0.120500E+04   0.135151E+04  -0.146506E+03  -0.985379E+00
   0.509000E+01   0.509000E+01   0.353100E+04   0.353100E+04   0.352189E+04   0.911253E+01   0.403831E-01
   0.517000E+01   0.517000E+01   0.365000E+04   0.365000E+04   0.359199E+04   0.580057E+02   0.251730E+00
   0.508000E+01   0.508000E+01   0.351500E+04   0.351500E+04   0.351317E+04   0.183340E+01   0.613722E-02
   0.516000E+01   0.516000E+01   0.366000E+04   0.366000E+04   0.358320E+04   0.768020E+02   0.249001E+00
   0.494000E+01   0.494000E+01   0.336500E+04   0.336500E+04   0.339207E+04  -0.270685E+02  -0.123576E+00
   0.497000E+01   0.497000E+01   0.347900E+04   0.347900E+04   0.341786E+04   0.611383E+02   0.273568E+00
   0.496000E+01   0.496000E+01   0.335000E+04   0.335000E+04   0.340925E+04  -0.592545E+02  -0.205913E+00
   0.725000E+01   0.725000E+01   0.564500E+04   0.564500E+04   0.562254E+04   0.224631E+02   0.707917E-01
   0.719000E+01   0.719000E+01   0.561100E+04   0.561100E+04   0.555846E+04   0.525356E+02   0.166390E+00
   0.725000E+01   0.725000E+01   0.566000E+04   0.566000E+04   0.562254E+04   0.374631E+02   0.835152E-01
   0.726000E+01   0.726000E+01   0.551000E+04   0.551000E+04   0.563325E+04  -0.123247E+03  -0.281415E+00
   0.425000E+01   0.425000E+01   0.278900E+04   0.278900E+04   0.282258E+04  -0.335812E+02  -0.170526E+00
   0.443000E+01   0.443000E+01   0.293200E+04   0.293200E+04   0.296673E+04  -0.347270E+02  -0.171691E+00
   0.443000E+01   0.443000E+01   0.292500E+04   0.292500E+04   0.296673E+04  -0.417270E+02  -0.160554E+00
   0.428000E+01   0.428000E+01   0.282500E+04   0.282500E+04   0.284639E+04  -0.213874E+02  -0.843835E-01
   0.408000E+01   0.408000E+01   0.262400E+04   0.262400E+04   0.268933E+04  -0.653340E+02  -0.342119E+00
   0.402000E+01   0.402000E+01   0.255500E+04   0.255500E+04   0.264298E+04  -0.879793E+02  -0.466628E+00
   0.408000E+01   0.408000E+01   0.265000E+04   0.265000E+04   0.268933E+04  -0.393340E+02  -0.162270E+00
   0.510000E+01   0.510000E+01   0.370000E+04   0.370000E+04   0.353062E+04   0.169382E+03   0.544526E+00
   0.523000E+01   0.523000E+01   0.387000E+04   0.387000E+04   0.364497E+04   0.225029E+03   0.697560E+00
   0.539000E+01   0.539000E+01   0.385000E+04   0.385000E+04   0.378789E+04   0.621052E+02   0.193246E+00
   0.596000E+01   0.596000E+01   0.447500E+04   0.447500E+04   0.431647E+04   0.158532E+03   0.434915E+00
   0.609000E+01   0.609000E+01   0.457000E+04   0.457000E+04   0.444123E+04   0.128772E+03   0.346920E+00
   0.625000E+01   0.625000E+01   0.470000E+04   0.470000E+04   0.459691E+04   0.103091E+03   0.271056E+00
   0.646000E+01   0.646000E+01   0.490000E+04   0.490000E+04   0.480479E+04   0.952114E+02   0.241388E+00
   0.643000E+01   0.643000E+01   0.469500E+04   0.469500E+04   0.477485E+04  -0.798456E+02  -0.290374E+00
   0.636000E+01   0.636000E+01   0.440000E+04   0.440000E+04   0.470530E+04  -0.305297E+03  -0.848829E+00
   0.372000E+01   0.372000E+01   0.237000E+04   0.237000E+04   0.241651E+04  -0.465121E+02  -0.255509E+00
   0.362000E+01   0.362000E+01   0.238500E+04   0.238500E+04   0.234300E+04   0.420002E+02   0.230254E+00
   0.364000E+01   0.364000E+01   0.237000E+04   0.237000E+04   0.235762E+04   0.123772E+02   0.549932E-01
   0.364000E+01   0.364000E+01   0.233200E+04   0.233200E+04   0.235762E+04  -0.256228E+02  -0.141789E+00
   0.853000E+01   0.853000E+01   0.752000E+04   0.752000E+04   0.711209E+04   0.407910E+03   0.100934E+01
   0.852000E+01   0.852000E+01   0.750000E+04   0.750000E+04   0.709914E+04   0.400856E+03   0.689140E+00
   0.853000E+01   0.853000E+01   0.751000E+04   0.751000E+04   0.711209E+04   0.397910E+03   0.683214E+00
   0.314000E+01   0.314000E+01   0.174400E+04   0.174400E+04   0.200406E+04  -0.260058E+03  -0.159879E+01
   0.304000E+01   0.304000E+01   0.184500E+04   0.184500E+04   0.193637E+04  -0.913713E+02  -0.468958E+00
   0.314000E+01   0.314000E+01   0.197500E+04   0.197500E+04   0.200406E+04  -0.290578E+02  -0.171806E+00
   0.298000E+01   0.298000E+01   0.177000E+04   0.177000E+04   0.189625E+04  -0.126248E+03  -0.661595E+00
   0.290000E+01   0.290000E+01   0.177600E+04   0.177600E+04   0.184332E+04  -0.673229E+02  -0.412427E+00
   0.297000E+01   0.297000E+01   0.184600E+04   0.184600E+04   0.188960E+04  -0.435967E+02  -0.263827E+00
   0.440000E+01   0.440000E+01   0.303400E+04   0.303400E+04   0.294248E+04   0.915151E+02   0.444343E+00
   0.423000E+01   0.423000E+01   0.285100E+04   0.285100E+04   0.280676E+04   0.442411E+02   0.222193E+00
   0.990000E+00   0.990000E+00   0.679000E+03   0.679000E+03   0.780648E+03  -0.101648E+03  -0.731668E+00
   0.101000E+01   0.101000E+01   0.679000E+03   0.679000E+03   0.789702E+03  -0.110702E+03  -0.796738E+00
   0.137000E+01   0.137000E+01   0.959000E+03   0.959000E+03   0.960427E+03  -0.142675E+01  -0.995277E-02
   0.143000E+01   0.143000E+01   0.985000E+03   0.985000E+03   0.990292E+03  -0.529221E+01  -0.343582E-01
   0.600000E+00   0.600000E+00   0.453000E+03   0.453000E+03   0.613296E+03  -0.160296E+03  -0.117644E+01
   0.480000E+00   0.480000E+00   0.472000E+03   0.472000E+03   0.565379E+03  -0.933794E+02  -0.685025E+00
   0.607000E+01   0.607000E+01   0.439500E+04   0.439500E+04   0.442193E+04  -0.269332E+02  -0.102847E+00
   0.608000E+01   0.608000E+01   0.437600E+04   0.437600E+04   0.443158E+04  -0.555762E+02  -0.212861E+00
   0.606000E+01   0.606000E+01   0.433400E+04   0.433400E+04   0.441230E+04  -0.782995E+02  -0.220635E+00
   0.303000E+01   0.303000E+01   0.188200E+04   0.188200E+04   0.192966E+04  -0.476586E+02  -0.286531E+00
   0.302000E+01   0.302000E+01   0.184500E+04   0.184500E+04   0.192296E+04  -0.779561E+02  -0.471666E+00
   0.313000E+01   0.313000E+01   0.196200E+04   0.196200E+04   0.199724E+04  -0.352434E+02  -0.208861E+00
   0.285000E+01   0.285000E+01   0.163100E+04   0.163100E+04   0.181058E+04  -0.179578E+03  -0.112695E+01
   0.408000E+01   0.408000E+01   0.278300E+04   0.278300E+04   0.268933E+04   0.936660E+02   0.476635E+00
   0.409000E+01   0.409000E+01   0.261500E+04   0.261500E+04   0.269709E+04  -0.820940E+02  -0.430552E+00
   0.199000E+01   0.199000E+01   0.126400E+04   0.126400E+04   0.128808E+04  -0.240841E+02  -0.160799E+00
   0.218000E+01   0.218000E+01   0.136600E+04   0.136600E+04   0.139682E+04  -0.308159E+02  -0.202462E+00
   0.137000E+01   0.137000E+01   0.938000E+03   0.938000E+03   0.960427E+03  -0.224268E+02  -0.156825E+00
   0.123000E+01   0.123000E+01   0.878000E+03   0.878000E+03   0.892301E+03  -0.143012E+02  -0.100775E+00
   0.277000E+01   0.277000E+01   0.168800E+04   0.168800E+04   0.175872E+04  -0.707197E+02  -0.439986E+00
   0.293000E+01   0.293000E+01   0.186400E+04   0.186400E+04   0.186309E+04   0.906881E+00   0.547286E-02
   0.430000E+01   0.430000E+01   0.290500E+04   0.290500E+04   0.286231E+04   0.426933E+02   0.212262E+00
   0.436000E+01   0.436000E+01   0.286800E+04   0.286800E+04   0.291030E+04  -0.422974E+02  -0.211621E+00
   0.610000E+01   0.610000E+01   0.446000E+04   0.446000E+04   0.445089E+04   0.911042E+01   0.344253E-01
   0.226000E+01   0.226000E+01   0.141600E+04   0.141600E+04   0.144375E+04  -0.277464E+02  -0.180838E+00
   0.402000E+01   0.402000E+01   0.287500E+04   0.287500E+04   0.264298E+04   0.232021E+03   0.116167E+01
   0.409000E+01   0.409000E+01   0.267000E+04   0.267000E+04   0.269709E+04  -0.270940E+02  -0.140699E+00
   0.559000E+01   0.559000E+01   0.401900E+04   0.401900E+04   0.396992E+04   0.490800E+02   0.199707E+00
   0.567000E+01   0.567000E+01   0.413300E+04   0.413300E+04   0.404377E+04   0.892260E+02   0.356148E+00
   0.657000E+01   0.657000E+01   0.496200E+04   0.496200E+04   0.491528E+04   0.467210E+02   0.163015E+00
   0.666000E+01   0.666000E+01   0.507200E+04   0.507200E+04   0.500650E+04   0.655039E+02   0.224733E+00
   0.544000E+01   0.544000E+01   0.396000E+04   0.396000E+04   0.383305E+04   0.126949E+03   0.522027E+00
   0.618000E+01   0.618000E+01   0.462600E+04   0.462600E+04   0.452851E+04   0.974899E+02   0.358735E+00
   0.740000E+01   0.740000E+01   0.589700E+04   0.589700E+04   0.578412E+04   0.112879E+03   0.343388E+00
   0.164000E+01   0.164000E+01   0.104700E+04   0.104700E+04   0.109795E+04  -0.509539E+02  -0.351029E+00
   0.199000E+01   0.199000E+01   0.126300E+04   0.126300E+04   0.128808E+04  -0.250841E+02  -0.167499E+00
   0.156000E+01   0.156000E+01   0.106800E+04   0.106800E+04   0.105637E+04   0.116324E+02   0.799722E-01
   0.146000E+01   0.146000E+01   0.944000E+03   0.944000E+03   0.100537E+04  -0.613747E+02  -0.428614E+00
   0.398000E+01   0.398000E+01   0.264100E+04   0.264100E+04   0.261227E+04   0.287280E+02   0.150067E+00
   0.415000E+01   0.415000E+01   0.287100E+04   0.287100E+04   0.274386E+04   0.127141E+03   0.636545E+00
   0.396000E+01   0.396000E+01   0.268600E+04   0.268600E+04   0.259698E+04   0.890228E+02   0.364092E+00
   0.398000E+01   0.398000E+01   0.274500E+04   0.274500E+04   0.261227E+04   0.132728E+03   0.534799E+00
   0.400000E+01   0.400000E+01   0.273900E+04   0.273900E+04   0.262761E+04   0.111394E+03   0.449481E+00
   0.594000E+01   0.594000E+01   0.441100E+04   0.441100E+04   0.429741E+04   0.113588E+03   0.315451E+00
   0.333000E+01   0.333000E+01   0.215600E+04   0.215600E+04   0.213545E+04   0.205466E+02   0.967741E-01
   0.320000E+01   0.320000E+01   0.208200E+04   0.208200E+04   0.204516E+04   0.368431E+02   0.177137E+00
   0.530000E+00   0.530000E+00   0.413000E+03   0.413000E+03   0.585137E+03  -0.172137E+03  -0.126686E+01
   0.380000E+00   0.380000E+00   0.395000E+03   0.395000E+03   0.526757E+03  -0.131757E+03  -0.971509E+00
   0.811000E+01   0.811000E+01   0.683800E+04   0.683800E+04   0.658592E+04   0.252083E+03   0.472499E+00
   0.309000E+01   0.309000E+01   0.196400E+04   0.196400E+04   0.197009E+04  -0.608748E+01  -0.302372E-01
   0.555000E+01   0.555000E+01   0.390000E+04   0.390000E+04   0.393322E+04  -0.332164E+02  -0.102240E+00
   0.650000E+00   0.650000E+00   0.560000E+03   0.560000E+03   0.633762E+03  -0.737621E+02  -0.523836E+00
   0.800000E+00   0.800000E+00   0.650000E+03   0.650000E+03   0.696915E+03  -0.469153E+02  -0.327859E+00
   0.500000E+00   0.500000E+00   0.470000E+03   0.470000E+03   0.573247E+03  -0.103247E+03  -0.743729E+00
   0.490000E+01   0.490000E+01   0.331000E+04   0.331000E+04   0.335781E+04  -0.478105E+02  -0.167700E+00
   0.492000E+01   0.492000E+01   0.332000E+04   0.332000E+04   0.337492E+04  -0.549205E+02  -0.192187E+00
   0.495000E+01   0.495000E+01   0.342000E+04   0.342000E+04   0.340066E+04   0.193433E+02   0.661646E-01
   0.500000E+01   0.500000E+01   0.348000E+04   0.348000E+04   0.344374E+04   0.362597E+02   0.122354E+00
   0.218000E+01   0.218000E+01   0.136000E+04   0.136000E+04   0.139682E+04  -0.368159E+02  -0.216542E+00
   0.139000E+01   0.139000E+01   0.928000E+03   0.928000E+03   0.970337E+03  -0.423375E+02  -0.304662E+00
   0.373000E+01   0.373000E+01   0.243700E+04   0.243700E+04   0.242392E+04   0.130821E+02   0.805534E-01
   0.640000E+01   0.640000E+01   0.465700E+04   0.465700E+04   0.474498E+04  -0.879844E+02  -0.405614E+00
   0.640000E+01   0.640000E+01   0.474800E+04   0.474800E+04   0.474498E+04   0.301561E+01   0.785751E-02
   0.720000E+01   0.720000E+01   0.540700E+04   0.540700E+04   0.556912E+04  -0.162121E+03  -0.680228E+00
   0.720000E+01   0.720000E+01   0.543500E+04   0.543500E+04   0.556912E+04  -0.134121E+03  -0.310031E+00
   0.685000E+01   0.685000E+01   0.550200E+04   0.550200E+04   0.520147E+04   0.300531E+03   0.124954E+01
   0.740000E+01   0.740000E+01   0.593000E+04   0.593000E+04   0.578412E+04   0.145879E+03   0.575746E+00
   0.770000E+01   0.770000E+01   0.627800E+04   0.627800E+04   0.611328E+04   0.164725E+03   0.334144E+00
   0.772000E+01   0.772000E+01   0.642300E+04   0.642300E+04   0.613550E+04   0.287499E+03   0.571129E+00
   0.785000E+01   0.785000E+01   0.614800E+04   0.614800E+04   0.628089E+04  -0.132892E+03  -0.510626E+00
   0.786000E+01   0.786000E+01   0.618700E+04   0.618700E+04   0.629223E+04  -0.105231E+03  -0.216270E+00
   0.964000E+01   0.964000E+01   0.930200E+04   0.930200E+04   0.866133E+04   0.640670E+03   0.130981E+01
   0.972000E+01   0.972000E+01   0.955500E+04   0.955500E+04   0.878106E+04   0.773937E+03   0.154400E+01
   0.990000E+01   0.990000E+01   0.957800E+04   0.957800E+04   0.905423E+04   0.523774E+03   0.713285E+00
   0.984000E+01   0.984000E+01   0.923300E+04   0.923300E+04   0.896260E+04   0.270403E+03   0.381399E+00
   0.717000E+01   0.717000E+01   0.595000E+04   0.595000E+04   0.553718E+04   0.412822E+03   0.879922E+00
   0.735000E+01   0.735000E+01   0.609300E+04   0.609300E+04   0.573004E+04   0.362963E+03   0.140681E+01
   0.765000E+01   0.765000E+01   0.617800E+04   0.617800E+04   0.605786E+04   0.120137E+03   0.247306E+00
   0.105000E+02   0.105000E+02   0.110290E+05   0.110290E+05   0.100015E+05   0.102751E+04   0.179438E+01
   0.103800E+02   0.103800E+02   0.108830E+05   0.108830E+05   0.980760E+04   0.107540E+04   0.190173E+01
   0.325000E+01   0.325000E+01   0.197400E+04   0.197400E+04   0.216642E+04  -0.192422E+03  -0.124933E+01
   0.328000E+01   0.328000E+01   0.197400E+04   0.197400E+04   0.218763E+04  -0.213634E+03  -0.105661E+01
   0.329000E+01   0.329000E+01   0.212800E+04   0.212800E+04   0.219473E+04  -0.667253E+02  -0.426182E+00
   0.331000E+01   0.331000E+01   0.222000E+04   0.222000E+04   0.220894E+04   0.110630E+02   0.744956E-01
   0.501000E+01   0.501000E+01   0.357000E+04   0.357000E+04   0.356040E+04   0.960220E+01   0.510463E-01
   0.500000E+01   0.500000E+01   0.353200E+04   0.353200E+04   0.355164E+04  -0.196353E+02  -0.104882E+00
   0.500000E+01   0.500000E+01   0.353200E+04   0.353200E+04   0.355164E+04  -0.196353E+02  -0.118269E+00
   0.355000E+01   0.355000E+01   0.242900E+04   0.242900E+04   0.238260E+04   0.464048E+02   0.307574E+00
   0.357000E+01   0.357000E+01   0.242100E+04   0.242100E+04   0.239733E+04   0.236745E+02   0.156970E+00
   0.520000E+01   0.520000E+01   0.382200E+04   0.382200E+04   0.372867E+04   0.933258E+02   0.548005E+00
   0.396000E+01   0.396000E+01   0.278500E+04   0.278500E+04   0.269246E+04   0.925399E+02   0.596040E+00
   0.416000E+01   0.416000E+01   0.305300E+04   0.305300E+04   0.284959E+04   0.203408E+03   0.128197E+01
   0.280000E+01   0.280000E+01   0.186600E+04   0.186600E+04   0.185915E+04   0.684850E+01   0.473201E-01
   0.164000E+01   0.164000E+01   0.110000E+04   0.110000E+04   0.116381E+04  -0.638114E+02  -0.461436E+00
   0.163000E+01   0.163000E+01   0.108900E+04   0.108900E+04   0.115844E+04  -0.694395E+02  -0.502373E+00
   0.149000E+01   0.149000E+01   0.103500E+04   0.103500E+04   0.108438E+04  -0.493770E+02  -0.358300E+00
   0.373000E+01   0.373000E+01   0.240600E+04   0.240600E+04   0.251659E+04  -0.110594E+03  -0.732877E+00
   0.369000E+01   0.369000E+01   0.228600E+04   0.228600E+04   0.248654E+04  -0.200540E+03  -0.133984E+01
   0.198000E+01   0.198000E+01   0.130300E+04   0.130300E+04   0.135288E+04  -0.498784E+02  -0.356843E+00
   0.196000E+01   0.196000E+01   0.126000E+04   0.126000E+04   0.134141E+04  -0.814135E+02  -0.583582E+00
   0.842000E+01   0.842000E+01   0.675900E+04   0.675900E+04   0.711696E+04  -0.357964E+03  -0.159285E+01
   0.831000E+01   0.831000E+01   0.652000E+04   0.652000E+04   0.697688E+04  -0.456881E+03  -0.207603E+01
   0.301000E+01   0.301000E+01   0.195000E+04   0.195000E+04   0.199999E+04  -0.499884E+02  -0.343093E+00
   0.103000E+01   0.103000E+01   0.762000E+03   0.762000E+03   0.856253E+03  -0.942534E+02  -0.691956E+00
   0.746000E+01   0.746000E+01   0.591800E+04   0.591800E+04   0.598509E+04  -0.670911E+02  -0.323036E+00
   0.424000E+01   0.424000E+01   0.303200E+04   0.303200E+04   0.291353E+04   0.118467E+03   0.747257E+00
   0.208000E+01   0.208000E+01   0.132700E+04   0.132700E+04   0.141084E+04  -0.838414E+02  -0.598707E+00
   0.635000E+01   0.635000E+01   0.485000E+04   0.485000E+04   0.481882E+04   0.311800E+02   0.166115E+00
   0.619000E+01   0.619000E+01   0.463000E+04   0.463000E+04   0.465987E+04  -0.298663E+02  -0.162375E+00
   0.620000E+01   0.620000E+01   0.463000E+04   0.463000E+04   0.466973E+04  -0.397325E+02  -0.215996E+00
   0.581000E+01   0.581000E+01   0.429500E+04   0.429500E+04   0.429173E+04   0.326930E+01   0.183505E-01
   0.502000E+01   0.502000E+01   0.363000E+04   0.363000E+04   0.356917E+04   0.608303E+02   0.363448E+00
   0.201000E+01   0.201000E+01   0.139400E+04   0.139400E+04   0.137016E+04   0.238443E+02   0.169880E+00
   0.203000E+01   0.203000E+01   0.141400E+04   0.141400E+04   0.138173E+04   0.322730E+02   0.229686E+00
   0.157000E+01   0.157000E+01   0.109000E+04   0.109000E+04   0.112644E+04  -0.364366E+02  -0.263725E+00
   0.348000E+01   0.348000E+01   0.219800E+04   0.219800E+04   0.233135E+04  -0.133352E+03  -0.897737E+00
   0.336000E+01   0.336000E+01   0.208200E+04   0.208200E+04   0.224464E+04  -0.162642E+03  -0.110399E+01
   0.391000E+01   0.391000E+01   0.280900E+04   0.280900E+04   0.265379E+04   0.155213E+03   0.998445E+00
   0.433000E+01   0.433000E+01   0.320500E+04   0.320500E+04   0.298621E+04   0.218792E+03   0.136080E+01
   0.437000E+01   0.437000E+01   0.322100E+04   0.322100E+04   0.301876E+04   0.202242E+03   0.125584E+01
   0.677000E+01   0.677000E+01   0.545100E+04   0.545100E+04   0.524712E+04   0.203885E+03   0.102765E+01
   0.832000E+01   0.832000E+01   0.712400E+04   0.712400E+04   0.698951E+04   0.134487E+03   0.580942E+00
   0.498000E+01   0.498000E+01   0.347700E+04   0.347700E+04   0.353414E+04  -0.571388E+02  -0.345742E+00
   0.207000E+01   0.207000E+01   0.147700E+04   0.147700E+04   0.140500E+04   0.720027E+02   0.510799E+00
   0.735000E+01   0.735000E+01   0.577200E+04   0.577200E+04   0.586460E+04  -0.926046E+02  -0.451898E+00
   0.740000E+01   0.740000E+01   0.585400E+04   0.585400E+04   0.591924E+04  -0.652384E+02  -0.315995E+00
   0.747000E+01   0.747000E+01   0.586500E+04   0.586500E+04   0.599610E+04  -0.131097E+03  -0.634044E+00
   0.160000E+01   0.160000E+01   0.109800E+04   0.109800E+04   0.114239E+04  -0.443891E+02  -0.321115E+00
   0.144000E+01   0.144000E+01   0.108800E+04   0.108800E+04   0.105845E+04   0.295543E+02   0.214146E+00
   0.137000E+01   0.137000E+01   0.954000E+03   0.954000E+03   0.102260E+04  -0.686037E+02  -0.499611E+00
   0.990000E+00   0.990000E+00   0.785000E+03   0.785000E+03   0.837535E+03  -0.525349E+02  -0.385563E+00
   0.440000E+01   0.440000E+01   0.318200E+04   0.318200E+04   0.304327E+04   0.138727E+03   0.863800E+00
   0.440000E+01   0.440000E+01   0.316400E+04   0.316400E+04   0.304327E+04   0.120727E+03   0.752764E+00
   0.272000E+01   0.272000E+01   0.175800E+04   0.175800E+04   0.180668E+04  -0.486850E+02  -0.338623E+00
   0.270000E+01   0.270000E+01   0.176600E+04   0.176600E+04   0.179367E+04  -0.276711E+02  -0.192416E+00
   0.682000E+01   0.682000E+01   0.545700E+04   0.545700E+04   0.529916E+04   0.157838E+03   0.794822E+00
   0.681000E+01   0.681000E+01   0.535300E+04   0.535300E+04   0.528873E+04   0.642654E+02   0.326569E+00
   0.750000E+01   0.750000E+01   0.626900E+04   0.626900E+04   0.602917E+04   0.239830E+03   0.112022E+01
   0.752000E+01   0.752000E+01   0.620100E+04   0.620100E+04   0.605126E+04   0.149738E+03   0.703380E+00
   0.860000E+01   0.860000E+01   0.743500E+04   0.743500E+04   0.735140E+04   0.836046E+02   0.351265E+00
   0.859000E+01   0.859000E+01   0.735300E+04   0.735300E+04   0.733821E+04   0.147932E+02   0.625782E-01
   0.955000E+01   0.955000E+01   0.853700E+04   0.853700E+04   0.868609E+04  -0.149089E+03  -0.569641E+00
   0.955000E+01   0.955000E+01   0.839900E+04   0.839900E+04   0.868609E+04  -0.287089E+03  -0.110880E+01
   0.976000E+01   0.976000E+01   0.863700E+04   0.863700E+04   0.900174E+04  -0.364735E+03  -0.138078E+01
   0.971000E+01   0.971000E+01   0.863800E+04   0.863800E+04   0.892593E+04  -0.287934E+03  -0.109033E+01
   0.148000E+01   0.148000E+01   0.965000E+03   0.965000E+03   0.101714E+04  -0.521371E+02  -0.379591E+00
   0.147000E+01   0.147000E+01   0.101400E+04   0.101400E+04   0.101207E+04   0.192714E+01   0.140094E-01
   0.236000E+01   0.236000E+01   0.172400E+04   0.172400E+04   0.150532E+04   0.218678E+03   0.153022E+01
   0.244000E+01   0.244000E+01   0.177800E+04   0.177800E+04   0.155380E+04   0.224202E+03   0.156329E+01
   0.255000E+01   0.255000E+01   0.183400E+04   0.183400E+04   0.162155E+04   0.212453E+03   0.147544E+01
   0.860000E+00   0.860000E+00   0.434000E+03   0.434000E+03   0.724332E+03  -0.290332E+03  -0.209665E+01
   0.870000E+00   0.870000E+00   0.522000E+03   0.522000E+03   0.728709E+03  -0.206709E+03  -0.147458E+01
   0.870000E+00   0.870000E+00   0.559000E+03   0.559000E+03   0.728709E+03  -0.169709E+03  -0.125406E+01
   0.890000E+00   0.890000E+00   0.596000E+03   0.596000E+03   0.737496E+03  -0.141496E+03  -0.104468E+01
   0.108800E+02   0.108800E+02   0.108810E+05   0.108810E+05   0.106343E+05   0.246678E+03   0.787114E+00
   0.109200E+02   0.109200E+02   0.108630E+05   0.108630E+05   0.107017E+05   0.161276E+03   0.515133E+00
   0.111000E+02   0.111000E+02   0.110510E+05   0.110510E+05   0.110080E+05   0.430481E+02   0.135592E+00
   0.107500E+02   0.107500E+02   0.106140E+05   0.106140E+05   0.104169E+05   0.197097E+03   0.641204E+00
   0.108700E+02   0.108700E+02   0.108100E+05   0.108100E+05   0.106175E+05   0.192492E+03   0.617281E+00
   0.107400E+02   0.107400E+02   0.104010E+05   0.104010E+05   0.104003E+05   0.717860E+00   0.237087E-02
   0.104900E+02   0.104900E+02   0.985100E+04   0.985100E+04   0.998965E+04  -0.138650E+03  -0.477120E+00
   0.993000E+01   0.993000E+01   0.900100E+04   0.900100E+04   0.910450E+04  -0.103502E+03  -0.380854E+00
   0.136000E+01   0.136000E+01   0.104100E+04   0.104100E+04   0.115778E+04  -0.116785E+03  -0.846326E+00
   0.190000E+01   0.190000E+01   0.103000E+04   0.103000E+04   0.112259E+04  -0.925908E+02  -0.671603E+00
   0.183000E+01   0.183000E+01   0.109500E+04   0.109500E+04   0.108581E+04   0.919403E+01   0.665744E-01
   0.241000E+01   0.241000E+01   0.160100E+04   0.160100E+04   0.164062E+04  -0.396241E+02  -0.278486E+00
   0.233000E+01   0.233000E+01   0.151200E+04   0.151200E+04   0.159097E+04  -0.789714E+02  -0.557814E+00
   0.261000E+01   0.261000E+01   0.181200E+04   0.181200E+04   0.176766E+04   0.443366E+02   0.307651E+00
   0.562000E+01   0.562000E+01   0.436400E+04   0.436400E+04   0.415930E+04   0.204700E+03   0.114370E+01
   0.551000E+01   0.551000E+01   0.428900E+04   0.428900E+04   0.405664E+04   0.232361E+03   0.130783E+01
   0.553000E+01   0.553000E+01   0.428100E+04   0.428100E+04   0.407522E+04   0.205779E+03   0.115879E+01
   0.550000E+01   0.550000E+01   0.429300E+04   0.429300E+04   0.404736E+04   0.245638E+03   0.138221E+01
   0.551000E+01   0.551000E+01   0.429000E+04   0.429000E+04   0.405664E+04   0.233361E+03   0.131334E+01
   0.520000E+00   0.520000E+00   0.470000E+03   0.470000E+03   0.651961E+03  -0.181961E+03  -0.134833E+01
   0.520000E+00   0.520000E+00   0.453000E+03   0.453000E+03   0.651961E+03  -0.198961E+03  -0.147469E+01
   0.500000E+00   0.500000E+00   0.445000E+03   0.445000E+03   0.643636E+03  -0.198636E+03  -0.147266E+01
   0.790000E+00   0.790000E+00   0.575000E+03   0.575000E+03   0.768886E+03  -0.193886E+03  -0.143138E+01
   0.810000E+00   0.810000E+00   0.567000E+03   0.567000E+03   0.777881E+03  -0.210881E+03  -0.155688E+01
   0.820000E+00   0.820000E+00   0.588000E+03   0.588000E+03   0.782396E+03  -0.194396E+03  -0.143448E+01
   0.130000E+01   0.130000E+01   0.108100E+04   0.108100E+04   0.107811E+04   0.288712E+01   0.209187E-01
   0.134000E+01   0.134000E+01   0.105500E+04   0.105500E+04   0.109900E+04  -0.440025E+02  -0.319010E+00
   0.440000E+01   0.440000E+01   0.327300E+04   0.327300E+04   0.319048E+04   0.825226E+02   0.509368E+00
   0.346000E+01   0.346000E+01   0.243700E+04   0.243700E+04   0.244768E+04  -0.106830E+02  -0.707103E-01
   0.347000E+01   0.347000E+01   0.245200E+04   0.245200E+04   0.245513E+04  -0.313032E+01  -0.206968E-01
   0.109000E+01   0.109000E+01   0.807000E+03   0.807000E+03   0.971331E+03  -0.164331E+03  -0.120287E+01
   0.401000E+01   0.401000E+01   0.293300E+04   0.293300E+04   0.287188E+04   0.611230E+02   0.388604E+00
   0.382000E+01   0.382000E+01   0.265100E+04   0.265100E+04   0.272199E+04  -0.709918E+02  -0.461461E+00
   0.378000E+01   0.378000E+01   0.274900E+04   0.274900E+04   0.269089E+04   0.581148E+02   0.375289E+00
   0.506000E+01   0.506000E+01   0.375400E+04   0.375400E+04   0.376271E+04  -0.870966E+01  -0.514108E-01
   0.505000E+01   0.505000E+01   0.379100E+04   0.379100E+04   0.375373E+04   0.372672E+02   0.219333E+00
   0.493000E+01   0.493000E+01   0.364900E+04   0.364900E+04   0.364674E+04   0.225777E+01   0.134578E-01
   0.493000E+01   0.493000E+01   0.363500E+04   0.363500E+04   0.364674E+04  -0.117422E+02  -0.700709E-01
   0.363000E+01   0.363000E+01   0.255900E+04   0.255900E+04   0.257563E+04  -0.166306E+02  -0.108994E+00
   0.360000E+01   0.360000E+01   0.250100E+04   0.250100E+04   0.255284E+04  -0.518446E+02  -0.341226E+00
   0.900000E+00   0.900000E+00   0.755000E+03   0.755000E+03   0.878940E+03  -0.123940E+03  -0.909741E+00
   0.880000E+00   0.880000E+00   0.759000E+03   0.759000E+03   0.869450E+03  -0.110450E+03  -0.810757E+00
   0.101000E+01   0.101000E+01   0.829000E+03   0.829000E+03   0.931938E+03  -0.102938E+03  -0.753481E+00
   0.106000E+01   0.106000E+01   0.785000E+03   0.785000E+03   0.956475E+03  -0.171475E+03  -0.125618E+01
   0.930000E+00   0.930000E+00   0.800000E+03   0.800000E+03   0.893259E+03  -0.932590E+02  -0.683583E+00
   0.198000E+01   0.198000E+01   0.149200E+04   0.149200E+04   0.145677E+04   0.352290E+02   0.249558E+00
   0.198000E+01   0.198000E+01   0.146500E+04   0.146500E+04   0.145677E+04   0.822898E+01   0.583662E-01
   0.199000E+01   0.199000E+01   0.142200E+04   0.142200E+04   0.146271E+04  -0.407082E+02  -0.289274E+00
   0.199000E+01   0.199000E+01   0.146200E+04   0.146200E+04   0.146271E+04  -0.708200E+00  -0.502336E-02
   0.493000E+01   0.493000E+01   0.365900E+04   0.365900E+04   0.364674E+04   0.122578E+02   0.730053E-01
   0.495000E+01   0.495000E+01   0.371600E+04   0.371600E+04   0.366448E+04   0.515200E+02   0.305368E+00
   0.496000E+01   0.496000E+01   0.373100E+04   0.373100E+04   0.367336E+04   0.576370E+02   0.341174E+00
   0.576000E+01   0.576000E+01   0.441400E+04   0.441400E+04   0.441423E+04  -0.225494E+00  -0.125155E-02
   0.410000E+01   0.410000E+01   0.256300E+04   0.256300E+04   0.282251E+04  -0.259510E+03  -0.169503E+01
   0.402000E+01   0.402000E+01   0.250200E+04   0.250200E+04   0.275946E+04  -0.257455E+03  -0.168993E+01
   0.715000E+01   0.715000E+01   0.574500E+04   0.574500E+04   0.567608E+04   0.689210E+02   0.337576E+00
   0.713000E+01   0.713000E+01   0.570700E+04   0.570700E+04   0.565460E+04   0.524031E+02   0.257554E+00
   0.711000E+01   0.711000E+01   0.567300E+04   0.567300E+04   0.563315E+04   0.398495E+02   0.196461E+00
   0.591000E+01   0.591000E+01   0.450700E+04   0.450700E+04   0.441221E+04   0.947872E+02   0.521950E+00
   0.591000E+01   0.591000E+01   0.463000E+04   0.463000E+04   0.441221E+04   0.217787E+03   0.118668E+01
   0.112000E+01   0.112000E+01   0.569000E+03   0.569000E+03   0.981835E+03  -0.412835E+03  -0.303807E+01
   0.113000E+01   0.113000E+01   0.586000E+03   0.586000E+03   0.986832E+03  -0.400832E+03  -0.294853E+01
   0.118000E+01   0.118000E+01   0.604000E+03   0.604000E+03   0.101199E+04  -0.407987E+03  -0.299891E+01
   0.164000E+01   0.164000E+01   0.119700E+04   0.119700E+04   0.125627E+04  -0.592678E+02  -0.426439E+00
   0.173000E+01   0.173000E+01   0.125400E+04   0.125400E+04   0.130674E+04  -0.527434E+02  -0.378357E+00
   0.430000E+01   0.430000E+01   0.325500E+04   0.325500E+04   0.310003E+04   0.154967E+03   0.958850E+00
   0.401000E+01   0.401000E+01   0.297000E+04   0.297000E+04   0.286477E+04   0.105230E+03   0.667244E+00
   0.402000E+01   0.402000E+01   0.297300E+04   0.297300E+04   0.287275E+04   0.100253E+03   0.635482E+00
   0.329000E+01   0.329000E+01   0.237200E+04   0.237200E+04   0.231612E+04   0.558825E+02   0.372113E+00
   0.163000E+01   0.163000E+01   0.113600E+04   0.113600E+04   0.125071E+04  -0.114713E+03  -0.827351E+00
   0.448000E+01   0.448000E+01   0.342100E+04   0.342100E+04   0.325013E+04   0.170874E+03   0.104180E+01
   0.990000E+00   0.990000E+00   0.819000E+03   0.819000E+03   0.917877E+03  -0.988774E+02  -0.724118E+00
   0.340000E+01   0.340000E+01   0.242100E+04   0.242100E+04   0.239663E+04   0.243677E+02   0.161567E+00
   0.340000E+01   0.340000E+01   0.242100E+04   0.242100E+04   0.239663E+04   0.243677E+02   0.161567E+00
   0.461000E+01   0.461000E+01   0.344700E+04   0.344700E+04   0.336045E+04   0.865485E+02   0.525949E+00
   0.464000E+01   0.464000E+01   0.344700E+04   0.344700E+04   0.338614E+04   0.608604E+02   0.369740E+00
   0.543000E+01   0.543000E+01   0.415800E+04   0.415800E+04   0.409311E+04   0.648864E+02   0.369145E+00
   0.154000E+01   0.154000E+01   0.112100E+04   0.112100E+04   0.120121E+04  -0.802059E+02  -0.579222E+00
   0.343000E+01   0.343000E+01   0.246200E+04   0.246200E+04   0.241880E+04   0.432006E+02   0.285571E+00
   0.301000E+01   0.301000E+01   0.212200E+04   0.212200E+04   0.211662E+04   0.537785E+01   0.364787E-01
   0.135000E+01   0.135000E+01   0.110800E+04   0.110800E+04   0.109957E+04   0.842578E+01   0.609702E-01
   0.470000E+00   0.470000E+00   0.538000E+03   0.538000E+03   0.681132E+03  -0.143132E+03  -0.105888E+01
   0.445000E+01   0.445000E+01   0.324800E+04   0.324800E+04   0.322490E+04   0.231045E+02   0.142833E+00
   0.131000E+01   0.131000E+01   0.102100E+04   0.102100E+04   0.107868E+04  -0.576798E+02  -0.418783E+00
   0.768000E+01   0.768000E+01   0.665465E+04   0.665465E+04   0.641981E+04   0.234844E+03   0.552094E+00
   0.930000E+01   0.930000E+01   0.800600E+04   0.800600E+04   0.853393E+04  -0.527932E+03  -0.647971E+00
   0.600000E+00   0.600000E+00   0.532100E+03   0.532100E+03   0.958519E+03  -0.426419E+03  -0.309704E+01
   0.530000E+00   0.530000E+00   0.531970E+03   0.531970E+03   0.924213E+03  -0.392243E+03  -0.285032E+01
   0.600000E+00   0.600000E+00   0.520880E+03   0.520880E+03   0.958519E+03  -0.437639E+03  -0.318101E+01
   0.632000E+01   0.632000E+01   0.499844E+04   0.499844E+04   0.544831E+04  -0.449874E+03  -0.208627E+01
   0.139000E+01   0.139000E+01   0.109107E+04   0.109107E+04   0.138295E+04  -0.291880E+03  -0.208671E+01
   0.280000E+00   0.280000E+00   0.397010E+03   0.397010E+03   0.806180E+03  -0.409170E+03  -0.302099E+01
   0.280000E+00   0.280000E+00   0.383410E+03   0.383410E+03   0.806180E+03  -0.422770E+03  -0.310576E+01
   0.510000E+00   0.510000E+00   0.508780E+03   0.508780E+03   0.914511E+03  -0.405731E+03  -0.297189E+01
   0.239000E+01   0.239000E+01   0.180352E+04   0.180352E+04   0.201508E+04  -0.211558E+03  -0.143325E+01
   0.235000E+01   0.235000E+01   0.169312E+04   0.169312E+04   0.198782E+04  -0.294695E+03  -0.201334E+01
   0.153000E+01   0.153000E+01   0.125138E+04   0.125138E+04   0.146517E+04  -0.213789E+03  -0.151359E+01
