"x"
0.0528489
0.0787419
0.096381
0.107628
0.105433
0.0813157
0.0678073
0.0860593
0.0801815
0.0786718
0.0997101
0.0890303
0.11833
0.0854224
0.0601003
0.0967087
0.082488
0.0813747
0.113491
0.0975565
0.0716958
0.104108
0.0787198
0.130208
0.151694
0.0866322
0.109659
0.0885432
0.105575
0.0688866
0.0952405
0.101733
0.0828065
0.0809212
0.0858553
0.0555769
0.0853572
0.102175
0.0598586
0.109491
0.0926603
0.0958893
0.0885872
0.0862425
0.0757789
0.0758483
0.111613
0.0852329
0.0598459
0.0465792
0.0606511
0.0562399
0.10875
0.122506
0.125614
0.0969308
0.0679268
0.0291565
0.0794341
0.0917169
0.089232
0.0648126
0.106537
0.104548
0.0780347
0.0849436
0.113385
0.0841106
0.0868305
0.121224
0.0931967
0.234154
0.085494
0.0523225
0.106212
0.0478472
0.0355752
0.0892039
0.08034
0.087985
0.144958
0.0654277
0.101048
0.0926337
0.0726872
0.0984537
0.0710563
0.091307
0.0896798
0.0373572
0.0848221
0.0726006
0.0888023
0.0867929
0.107777
0.0821156
0.0826418
0.0950517
0.0890377
0.0989649
0.116727
0.107832
0.115973
0.125719
0.107106
0.0626176
0.11133
0.0767339
0.0642422
0.0897619
0.106425
0.0736438
0.0498252
0.0469174
0.080904
0.100636
0.0560163
0.144393
0.0541654
0.0765028
0.0512431
0.0789546
0.0809454
0.0772841
0.0983893
0.133647
0.0850226
0.130923
0.0945526
0.0865298
0.0775956
0.110478
0.0974244
0.0766947
0.0616425
0.100905
0.0790347
0.11301
0.120418
0.112324
0.100853
0.0907612
0.0735855
0.0620614
0.0906367
0.0675527
0.0907481
0.0951632
0.0759962
0.0994616
0.0880039
0.0784792
0.0433716
0.0794817
0.062308
0.0663681
0.0653239
0.125468
0.139461
0.0501945
0.0800392
0.0885062
0.0675918
0.101057
0.0667576
0.093805
0.128817
0.0787476
0.0941293
0.105125
0.0957897
0.082398
0.0949678
0.0785162
0.0798362
0.0831676
0.111371
0.085426
0.0883539
0.0956669
0.102421
0.12867
0.114487
0.0683802
0.0823762
0.0904341
0.08204
0.0991163
0.12147
0.0905203
0.0838168
0.0563692
0.0684082
0.0945186
0.106956
0.0752175
0.12319
0.0947012
0.123407
0.0958107
0.064201
0.0792618
0.105943
0.0880415
0.0882005
0.11059
0.0556658
0.0826098
0.10415
0.0922538
0.0687691
0.0770692
0.0941885
0.123186
0.0617264
0.0797861
0.0951654
0.114325
0.0710549
0.0730472
0.126554
0.0709755
0.115075
0.0963537
0.0623882
0.0882443
0.0743661
0.0902856
0.0900656
0.0977639
0.1472
0.102446
0.0884691
0.0745906
0.0839368
0.0984849
0.131316
0.0656038
0.109773
0.0737131
0.114329
0.0689359
0.0910006
0.0718846
0.0641878
0.0944045
0.123526
0.102929
0.0973587
0.120154
0.152376
0.0797726
0.0779327
0.136259
0.0904226
0.161814
0.0825195
0.105929
0.0966649
0.0892343
0.0784915
0.102055
0.11904
0.0686341
0.0913137
0.0571792
0.0993616
0.0889283
0.0968236
0.0849089
0.0609016
0.0970707
0.0649692
0.105173
0.0728805
0.0993943
0.0759063
0.0732773
0.0450733
0.0912595
0.0360986
0.0624075
0.0889665
0.141942
0.0684234
0.120933
0.0984631
0.0566565
0.0535446
0.0719698
0.103465
0.0819448
0.0910313
0.110509
0.0849011
0.0852423
0.061753
0.0658338
0.0646384
0.112827
0.117881
0.0240378
0.142239
0.0408224
0.102056
0.0979075
0.115553
0.101009
0.0896205
0.0702298
0.0753566
0.0703134
0.0601725
0.10122
0.0855375
0.103333
0.0728123
0.0644664
0.0569364
0.0950489
0.104297
0.068112
0.112975
0.0948007
0.102071
0.0939028
0.0852653
0.106973
0.0832335
0.103981
0.0954872
0.100576
0.120275
0.0753518
0.0710361
0.0659769
0.0928647
0.0632025
0.0765407
0.0926802
0.093021
0.0653365
0.094516
0.101626
0.0702393
0.0888249
0.0644468
0.101279
0.102583
0.133519
0.132782
0.18447
0.0885495
0.064718
0.062213
0.0798159
0.0300096
0.0857215
0.14064
0.126842
0.0795098
0.0785925
0.0990472
0.117895
0.097386
0.066274
0.0848424
0.0950922
0.0814862
0.11221
0.0898138
0.0791497
0.103059
0.0925007
0.0897615
0.0672275
0.0928294
0.0648056
0.0589261
0.0970632
0.0980266
0.0772835
0.110778
0.099899
0.0810835
0.0826607
0.0746548
0.0690753
0.110762
0.093626
0.051878
0.082106
0.096422
0.065006
0.0861223
0.0853655
0.105015
0.0887605
0.0738418
0.11702
0.0759438
0.112777
0.054114
0.0647283
0.102563
0.102394
0.0808272
0.0984095
0.101674
0.0830386
0.0838705
0.0903355
0.112102
0.0841284
0.0760223
0.0970307
0.0822227
0.0990364
0.0904258
0.108683
0.151292
0.0799529
0.105174
0.0776711
0.124795
0.0833582
0.0633021
0.109115
0.11437
0.122362
0.0561572
0.102973
0.0627407
0.0622358
0.109879
0.0679879
0.108699
0.0936241
0.0985681
0.0905274
0.0934559
0.0805985
0.127392
0.0907373
0.0856747
0.0852096
0.109159
0.0785391
0.10152
0.0875889
0.107568
0.0882115
0.0840515
0.123438
0.0659554
0.101116
0.086771
0.0717888
0.0807094
0.0675616
0.0441361
0.0822519
0.121235
0.094827
0.0663562
0.0802521
0.0332446
0.0375936
0.0422396
0.0670877
0.0859664
0.0779659
0.109137
0.0677831
0.112842
0.0737268
0.0894244
0.0957578
0.0999084
0.0806473
0.112009
0.0849502
0.115675
0.0702458
0.0931547
0.0786876
0.0744073
0.0964974
0.0885284
0.116679
0.098335
0.0742476
0.100513
0.069433
0.0738096
0.0511072
0.0612663
0.0669181
0.0436832
0.0707318
