X1_obs         X1_true        Y1_obs         Y1_unbiased    Y1_sim         Y1_res         Y1_stdres      
   0.720000E+00   0.720000E+00   0.110888E+04   0.110888E+04   0.936216E+03   0.172664E+03   0.155683E+01
   0.300000E+01   0.300000E+01   0.284100E+04   0.284100E+04   0.290008E+04  -0.590799E+02  -0.207927E+00
   0.900000E+00   0.900000E+00   0.110744E+04   0.110744E+04   0.103106E+04   0.763836E+02   0.689594E+00
   0.288000E+01   0.288000E+01   0.280728E+04   0.280728E+04   0.276371E+04   0.435750E+02   0.155202E+00
   0.630000E+00   0.630000E+00   0.577000E+03   0.577000E+03   0.618869E+03  -0.418692E+02  -0.725331E+00
   0.400000E+01   0.400000E+01   0.394300E+04   0.394300E+04   0.360194E+04   0.341062E+03   0.864896E+00
   0.144000E+01   0.144000E+01   0.120700E+04   0.120700E+04   0.103789E+04   0.169114E+03   0.140087E+01
   0.189000E+01   0.189000E+01   0.141700E+04   0.141700E+04   0.136990E+04   0.471026E+02   0.332353E+00
   0.530000E+00   0.530000E+00   0.562000E+03   0.562000E+03   0.579770E+03  -0.177695E+02  -0.316053E+00
   0.190000E+00   0.190000E+00   0.398000E+03   0.398000E+03   0.454667E+03  -0.566665E+02  -0.142283E+01
   0.700000E+00   0.700000E+00   0.102100E+04   0.102100E+04   0.101382E+04   0.718380E+01   0.703443E-01
   0.520000E+00   0.520000E+00   0.961000E+03   0.961000E+03   0.925194E+03   0.358064E+02   0.372509E+00
   0.500000E+00   0.500000E+00   0.899000E+03   0.899000E+03   0.915894E+03  -0.168939E+02  -0.187869E+00
   0.120000E+00   0.120000E+00   0.738000E+03   0.738000E+03   0.746498E+03  -0.849805E+01  -0.115114E+00
   0.250000E+00   0.250000E+00   0.772000E+03   0.772000E+03   0.802874E+03  -0.308740E+02  -0.399801E+00
   0.670000E+00   0.670000E+00   0.105500E+04   0.105500E+04   0.997796E+03   0.572044E+02   0.542108E+00
  -0.170000E+00  -0.170000E+00   0.740000E+03   0.740000E+03   0.626784E+03   0.113216E+03   0.152954E+01
   0.230000E+00   0.230000E+00   0.865000E+03   0.865000E+03   0.794093E+03   0.709068E+02   0.819535E+00
   0.260000E+00   0.260000E+00   0.874000E+03   0.874000E+03   0.807279E+03   0.667209E+02   0.763214E+00
   0.100000E+00   0.100000E+00   0.799000E+03   0.799000E+03   0.737972E+03   0.610277E+02   0.763602E+00
   0.500000E-01   0.500000E-01   0.704000E+03   0.704000E+03   0.716831E+03  -0.128312E+02  -0.182202E+00
  -0.300000E-01  -0.300000E-01   0.686000E+03   0.686000E+03   0.683523E+03   0.247664E+01   0.360909E-01
  -0.400000E-01  -0.400000E-01   0.658000E+03   0.658000E+03   0.679405E+03  -0.214049E+02  -0.325188E+00
   0.200000E+00   0.200000E+00   0.838000E+03   0.838000E+03   0.780995E+03   0.570049E+02   0.680079E+00
   0.600000E+00   0.600000E+00   0.876000E+03   0.876000E+03   0.962771E+03  -0.867707E+02  -0.990245E+00
   0.400000E+00   0.400000E+00   0.956000E+03   0.956000E+03   0.869966E+03   0.860341E+02   0.899742E+00
   0.150000E+00   0.150000E+00   0.827000E+03   0.827000E+03   0.759361E+03   0.676393E+02   0.817682E+00
   0.131000E+01   0.131000E+01   0.132700E+04   0.132700E+04   0.141774E+04  -0.907387E+02  -0.683646E+00
   0.127000E+01   0.127000E+01   0.135800E+04   0.135800E+04   0.138743E+04  -0.294328E+02  -0.216694E+00
   0.420000E+00   0.420000E+00   0.869000E+03   0.869000E+03   0.879075E+03  -0.100751E+02  -0.115909E+00
   0.112000E+01   0.112000E+01   0.122600E+04   0.122600E+04   0.127817E+04  -0.521672E+02  -0.425417E+00
   0.113000E+01   0.113000E+01   0.124200E+04   0.124200E+04   0.128523E+04  -0.432306E+02  -0.348000E+00
   0.290000E+00   0.290000E+00   0.799000E+03   0.799000E+03   0.820552E+03  -0.215525E+02  -0.269664E+00
   0.250000E+00   0.250000E+00   0.801000E+03   0.801000E+03   0.802874E+03  -0.187404E+01  -0.233897E-01
  -0.300000E-01  -0.300000E-01   0.707000E+03   0.707000E+03   0.683523E+03   0.234766E+02   0.331958E+00
   0.350000E+00   0.350000E+00   0.837000E+03   0.837000E+03   0.847361E+03  -0.103607E+02  -0.123750E+00
   0.300000E+00   0.300000E+00   0.800000E+03   0.800000E+03   0.824996E+03  -0.249964E+02  -0.312363E+00
   0.133000E+01   0.133000E+01   0.135500E+04   0.135500E+04   0.143307E+04  -0.780710E+02  -0.576053E+00
   0.105000E+01   0.105000E+01   0.123000E+04   0.123000E+04   0.122964E+04   0.359306E+00   0.292060E-02
   0.750000E+00   0.750000E+00   0.103100E+04   0.103100E+04   0.104155E+04  -0.105467E+02  -0.102273E+00
   0.150000E+00   0.150000E+00   0.832000E+03   0.832000E+03   0.759361E+03   0.726393E+02   0.872852E+00
   0.120000E+00   0.120000E+00   0.809000E+03   0.809000E+03   0.746498E+03   0.625019E+02   0.772384E+00
  -0.440000E+00  -0.440000E+00   0.549000E+03   0.549000E+03   0.523042E+03   0.259583E+02   0.472641E+00
  -0.350000E+00  -0.350000E+00   0.572000E+03   0.572000E+03   0.556780E+03   0.152202E+02   0.265984E+00
   0.370000E+00   0.370000E+00   0.854000E+03   0.854000E+03   0.856374E+03  -0.237398E+01  -0.277909E-01
   0.380000E+00   0.380000E+00   0.858000E+03   0.858000E+03   0.860895E+03  -0.289503E+01  -0.337325E-01
   0.120000E+00   0.120000E+00   0.646000E+03   0.646000E+03   0.746498E+03  -0.100498E+03  -0.155507E+01
  -0.130000E+00  -0.130000E+00   0.620000E+03   0.620000E+03   0.642793E+03  -0.227929E+02  -0.367488E+00
   0.150000E+00   0.150000E+00   0.621000E+03   0.621000E+03   0.759361E+03  -0.138361E+03  -0.222704E+01
   0.125000E+01   0.125000E+01   0.132900E+04   0.132900E+04   0.137246E+04  -0.434609E+02  -0.326955E+00
   0.800000E-01   0.800000E-01   0.757000E+03   0.757000E+03   0.729486E+03   0.275139E+02   0.363355E+00
   0.100000E-01   0.100000E-01   0.681000E+03   0.681000E+03   0.700097E+03  -0.190973E+02  -0.280335E+00
   0.980000E+00   0.980000E+00   0.120500E+04   0.120500E+04   0.118277E+04   0.222340E+02   0.184478E+00
   0.122000E+01   0.122000E+01   0.119800E+04   0.119800E+04   0.135023E+04  -0.152232E+03  -0.127042E+01
   0.254000E+01   0.254000E+01   0.329100E+04   0.329100E+04   0.255904E+04   0.731963E+03   0.177922E+01
   0.257000E+01   0.257000E+01   0.343900E+04   0.343900E+04   0.259149E+04   0.847505E+03   0.197142E+01
   0.142000E+01   0.142000E+01   0.149500E+04   0.149500E+04   0.150352E+04  -0.851882E+01  -0.569719E-01
   0.399000E+01   0.399000E+01   0.461000E+04   0.461000E+04   0.434968E+04   0.260324E+03   0.564638E+00
   0.420000E+01   0.420000E+01   0.485300E+04   0.485300E+04   0.464454E+04   0.208456E+03   0.429497E+00
   0.115000E+01   0.115000E+01   0.135400E+04   0.135400E+04   0.129945E+04   0.545462E+02   0.402781E+00
   0.100000E+01   0.100000E+01   0.107500E+04   0.107500E+04   0.119599E+04  -0.120986E+03  -0.112517E+01
   0.860000E+00   0.860000E+00   0.108600E+04   0.108600E+04   0.110649E+04  -0.204903E+02  -0.188635E+00
   0.530000E+00   0.530000E+00   0.930000E+03   0.930000E+03   0.929858E+03   0.142285E+00   0.152957E-02
   0.470000E+00   0.470000E+00   0.941000E+03   0.941000E+03   0.902015E+03   0.389846E+02   0.414192E+00
   0.331000E+01   0.331000E+01   0.353200E+04   0.353200E+04   0.345503E+04   0.769657E+02   0.217885E+00
   0.122000E+01   0.122000E+01   0.130900E+04   0.130900E+04   0.135023E+04  -0.412324E+02  -0.314928E+00
   0.516000E+01   0.516000E+01   0.530100E+04   0.530100E+04   0.609889E+04  -0.797893E+03  -0.150497E+01
   0.656000E+01   0.656000E+01   0.744400E+04   0.744400E+04   0.851577E+04  -0.107177E+04  -0.143959E+01
   0.404000E+01   0.404000E+01   0.422300E+04   0.422300E+04   0.415666E+04   0.663419E+02   0.157079E+00
   0.330000E+00   0.330000E+00   0.729000E+03   0.729000E+03   0.748495E+03  -0.194945E+02  -0.267329E+00
   0.670000E+00   0.670000E+00   0.830000E+03   0.830000E+03   0.899559E+03  -0.695586E+02  -0.837804E+00
   0.106000E+01   0.106000E+01   0.106900E+04   0.106900E+04   0.110702E+04  -0.380153E+02  -0.355533E+00
   0.600000E+00   0.600000E+00   0.914000E+03   0.914000E+03   0.867545E+03   0.464552E+02   0.508142E+00
   0.170000E+01   0.170000E+01   0.210900E+04   0.210900E+04   0.157222E+04   0.536778E+03   0.169671E+01
   0.380000E+00   0.380000E+00   0.872000E+03   0.872000E+03   0.770004E+03   0.101996E+03   0.116941E+01
   0.240000E+00   0.240000E+00   0.712000E+03   0.712000E+03   0.710399E+03   0.160090E+01   0.224775E-01
  -0.500000E+00  -0.500000E+00   0.452000E+03   0.452000E+03   0.428603E+03   0.233972E+02   0.517380E+00
   0.700000E+00   0.700000E+00   0.853000E+03   0.853000E+03   0.913422E+03  -0.604219E+02  -0.708141E+00
   0.168000E+01   0.168000E+01   0.172500E+04   0.172500E+04   0.155582E+04   0.169184E+03   0.653810E+00
   0.980000E+00   0.980000E+00   0.961000E+03   0.961000E+03   0.105864E+04  -0.976441E+02  -0.101579E+01
   0.630000E+00   0.630000E+00   0.840000E+03   0.840000E+03   0.881208E+03  -0.412077E+02  -0.490427E+00
   0.550000E+00   0.550000E+00   0.785000E+03   0.785000E+03   0.844965E+03  -0.599652E+02  -0.763649E+00
   0.158000E+01   0.158000E+01   0.159900E+04   0.159900E+04   0.147548E+04   0.123524E+03   0.514972E+00
   0.500000E+00   0.500000E+00   0.778000E+03   0.778000E+03   0.822627E+03  -0.446266E+02  -0.573429E+00
   0.100000E+01   0.100000E+01   0.998000E+03   0.998000E+03   0.107050E+04  -0.724957E+02  -0.726225E+00
   0.620000E+00   0.620000E+00   0.859000E+03   0.859000E+03   0.876644E+03  -0.176438E+02  -0.205343E+00
   0.150000E+00   0.150000E+00   0.645000E+03   0.645000E+03   0.673111E+03  -0.281109E+02  -0.435669E+00
   0.130000E+01   0.130000E+01   0.137800E+04   0.137800E+04   0.126621E+04   0.111787E+03   0.811091E+00
   0.105000E+01   0.105000E+01   0.105300E+04   0.105300E+04   0.110083E+04  -0.478309E+02  -0.454127E+00
   0.120000E+00   0.120000E+00   0.655000E+03   0.655000E+03   0.660862E+03  -0.586235E+01  -0.894704E-01
   0.110000E+01   0.110000E+01   0.105500E+04   0.105500E+04   0.103176E+04   0.232352E+02   0.220191E+00
   0.115000E+01   0.115000E+01   0.117300E+04   0.117300E+04   0.106374E+04   0.109263E+03   0.186160E+01
   0.269000E+01   0.269000E+01   0.238600E+04   0.238600E+04   0.231454E+04   0.714596E+02   0.598677E+00
   0.337000E+01   0.337000E+01   0.285600E+04   0.285600E+04   0.306082E+04  -0.204816E+03  -0.143346E+01
   0.470000E+00   0.470000E+00   0.693000E+03   0.693000E+03   0.681751E+03   0.112488E+02   0.324226E+00
   0.520000E+00   0.520000E+00   0.708000E+03   0.708000E+03   0.702472E+03   0.552784E+01   0.155957E+00
   0.350000E+00   0.350000E+00   0.621000E+03   0.621000E+03   0.633048E+03  -0.120483E+02  -0.387456E+00
   0.235000E+01   0.235000E+01   0.181500E+04   0.181500E+04   0.187911E+04  -0.641148E+02  -0.706032E+00
   0.218000E+01   0.218000E+01   0.169700E+04   0.169700E+04   0.172694E+04  -0.299354E+02  -0.352568E+00
   0.258000E+01   0.258000E+01   0.208600E+04   0.208600E+04   0.209670E+04  -0.107017E+02  -0.102544E+00
   0.209000E+01   0.209000E+01   0.160200E+04   0.160200E+04   0.164945E+04  -0.474514E+02  -0.591985E+00
   0.114000E+01   0.114000E+01   0.979000E+03   0.979000E+03   0.981463E+03  -0.246347E+01  -0.502783E-01
   0.100000E+00   0.100000E+00   0.551000E+03   0.551000E+03   0.536323E+03   0.146774E+02   0.531899E+00
   0.325000E+01   0.325000E+01   0.286700E+04   0.286700E+04   0.280254E+04   0.644568E+02   0.449425E+00
   0.188000E+01   0.188000E+01   0.152000E+04   0.152000E+04   0.147729E+04   0.427145E+02   0.561656E+00
   0.200000E+01   0.200000E+01   0.159000E+04   0.159000E+04   0.157416E+04   0.158378E+02   0.132772E+00
   0.196000E+01   0.196000E+01   0.157500E+04   0.157500E+04   0.154142E+04   0.335812E+02   0.426146E+00
   0.220000E+01   0.220000E+01   0.175500E+04   0.175500E+04   0.174445E+04   0.105528E+02   0.120184E+00
   0.260000E+01   0.260000E+01   0.226000E+04   0.226000E+04   0.211624E+04   0.143759E+03   0.127156E+01
   0.256000E+01   0.256000E+01   0.214800E+04   0.214800E+04   0.207726E+04   0.707397E+02   0.658295E+00
   0.276000E+01   0.276000E+01   0.228000E+04   0.228000E+04   0.227603E+04   0.396915E+01   0.232056E-01
   0.272000E+01   0.272000E+01   0.227000E+04   0.227000E+04   0.223551E+04   0.344917E+02   0.303725E+00
   0.250000E+01   0.250000E+01   0.211000E+04   0.211000E+04   0.201953E+04   0.904742E+02   0.857108E+00
   0.246000E+01   0.246000E+01   0.197000E+04   0.197000E+04   0.198153E+04  -0.115311E+02  -0.116996E+00
   0.385000E+01   0.385000E+01   0.356000E+04   0.356000E+04   0.351945E+04   0.405476E+02   0.227690E+00
   0.386000E+01   0.386000E+01   0.365000E+04   0.365000E+04   0.353205E+04   0.117954E+03   0.646035E+00
   0.386000E+01   0.386000E+01   0.357000E+04   0.357000E+04   0.353205E+04   0.379538E+02   0.212528E+00
   0.386000E+01   0.386000E+01   0.362000E+04   0.362000E+04   0.353205E+04   0.879538E+02   0.485713E+00
   0.195000E+01   0.195000E+01   0.152000E+04   0.152000E+04   0.153330E+04  -0.133029E+02  -0.174915E+00
   0.189000E+01   0.189000E+01   0.144000E+04   0.144000E+04   0.148520E+04  -0.452024E+02  -0.627339E+00
   0.187000E+01   0.187000E+01   0.139000E+04   0.139000E+04   0.146940E+04  -0.793975E+02  -0.114150E+01
   0.142000E+01   0.142000E+01   0.116200E+04   0.116200E+04   0.114614E+04   0.158555E+02   0.272676E+00
   0.158000E+01   0.158000E+01   0.126300E+04   0.126300E+04   0.125365E+04   0.934914E+01   0.147931E+00
   0.160000E+01   0.160000E+01   0.122500E+04   0.122500E+04   0.126769E+04  -0.426915E+02  -0.696418E+00
   0.190000E+01   0.190000E+01   0.147000E+04   0.147000E+04   0.149315E+04  -0.231479E+02  -0.314709E+00
   0.190000E+01   0.190000E+01   0.147500E+04   0.147500E+04   0.149315E+04  -0.181479E+02  -0.245896E+00
   0.166000E+01   0.166000E+01   0.127500E+04   0.127500E+04   0.131058E+04  -0.355817E+02  -0.557693E+00
   0.164000E+01   0.164000E+01   0.125500E+04   0.125500E+04   0.129616E+04  -0.411581E+02  -0.655366E+00
   0.158000E+01   0.158000E+01   0.125500E+04   0.125500E+04   0.125365E+04   0.134914E+01   0.214833E-01
   0.158000E+01   0.158000E+01   0.126000E+04   0.126000E+04   0.125365E+04   0.634914E+01   0.100701E+00
   0.119000E+01   0.119000E+01   0.995000E+03   0.995000E+03   0.100831E+04  -0.133068E+02  -0.267217E+00
   0.120000E+01   0.120000E+01   0.102000E+04   0.102000E+04   0.101383E+04   0.617113E+01   0.120892E+00
   0.134000E+01   0.134000E+01   0.108500E+04   0.108500E+04   0.109580E+04  -0.107957E+02  -0.198822E+00
   0.129000E+01   0.129000E+01   0.103500E+04   0.103500E+04   0.106558E+04  -0.305769E+02  -0.590300E+00
   0.780000E+00   0.780000E+00   0.820000E+03   0.820000E+03   0.814215E+03   0.578540E+01   0.140952E+00
   0.800000E+00   0.800000E+00   0.815000E+03   0.815000E+03   0.823084E+03  -0.808431E+01  -0.198164E+00
   0.550000E+00   0.550000E+00   0.733000E+03   0.733000E+03   0.715025E+03   0.179753E+02   0.489872E+00
   0.800000E+00   0.800000E+00   0.825000E+03   0.825000E+03   0.823084E+03   0.191569E+01   0.463899E-01
   0.230000E+00   0.230000E+00   0.565000E+03   0.565000E+03   0.585813E+03  -0.208128E+02  -0.735516E+00
   0.260000E+00   0.260000E+00   0.590000E+03   0.590000E+03   0.597483E+03  -0.748294E+01  -0.253266E+00
   0.250000E+00   0.250000E+00   0.572000E+03   0.572000E+03   0.593583E+03  -0.215826E+02  -0.753400E+00
   0.380000E+00   0.380000E+00   0.627000E+03   0.627000E+03   0.645087E+03  -0.180873E+02  -0.576096E+00
   0.250000E+00   0.250000E+00   0.585000E+03   0.585000E+03   0.593583E+03  -0.858258E+01  -0.292962E+00
   0.300000E+00   0.300000E+00   0.595000E+03   0.595000E+03   0.613187E+03  -0.181873E+02  -0.610384E+00
   0.254000E+01   0.254000E+01   0.204000E+04   0.204000E+04   0.205792E+04  -0.179169E+02  -0.175551E+00
   0.242000E+01   0.242000E+01   0.192000E+04   0.192000E+04   0.194394E+04  -0.239359E+02  -0.249177E+00
   0.252000E+01   0.252000E+01   0.200000E+04   0.200000E+04   0.203867E+04  -0.386720E+02  -0.386481E+00
   0.250000E+01   0.250000E+01   0.199000E+04   0.199000E+04   0.201953E+04  -0.295258E+02  -0.197774E+00
   0.450000E+01   0.450000E+01   0.437000E+04   0.437000E+04   0.438029E+04  -0.102875E+02  -0.313821E-01
   0.447000E+01   0.447000E+01   0.439000E+04   0.439000E+04   0.433870E+04   0.512979E+02   0.155772E+00
   0.442000E+01   0.442000E+01   0.437000E+04   0.437000E+04   0.426979E+04   0.100215E+03   0.305707E+00
   0.440000E+01   0.440000E+01   0.427000E+04   0.427000E+04   0.424236E+04   0.276435E+02   0.863016E-01
   0.438000E+01   0.438000E+01   0.427000E+04   0.427000E+04   0.421501E+04   0.549936E+02   0.171687E+00
   0.309000E+01   0.309000E+01   0.268000E+04   0.268000E+04   0.262461E+04   0.553942E+02   0.275531E+00
   0.307000E+01   0.307000E+01   0.255000E+04   0.255000E+04   0.260277E+04  -0.527680E+02  -0.413638E+00
   0.304000E+01   0.304000E+01   0.258000E+04   0.258000E+04   0.257018E+04   0.981875E+01   0.760740E-01
   0.304000E+01   0.304000E+01   0.254000E+04   0.254000E+04   0.257018E+04  -0.301813E+02  -0.237518E+00
   0.310000E+01   0.310000E+01   0.268000E+04   0.268000E+04   0.263556E+04   0.444414E+02   0.331483E+00
   0.308000E+01   0.308000E+01   0.269000E+04   0.269000E+04   0.261368E+04   0.763244E+02   0.567184E+00
   0.120000E+01   0.120000E+01   0.104000E+04   0.104000E+04   0.101383E+04   0.261711E+02   0.502848E+00
   0.116000E+01   0.116000E+01   0.102000E+04   0.102000E+04   0.992041E+03   0.279591E+02   0.547729E+00
   0.780000E+00   0.780000E+00   0.845000E+03   0.845000E+03   0.814215E+03   0.307854E+02   0.727894E+00
   0.820000E+00   0.820000E+00   0.865000E+03   0.865000E+03   0.831993E+03   0.330072E+02   0.762401E+00
   0.800000E-01   0.800000E-01   0.528000E+03   0.528000E+03   0.528866E+03  -0.865747E+00  -0.327367E-01
   0.000000E+00   0.000000E+00   0.508000E+03   0.508000E+03   0.499461E+03   0.853851E+01   0.335564E+00
  -0.700000E-01  -0.700000E-01   0.507000E+03   0.507000E+03   0.474292E+03   0.327075E+02   0.128803E+01
  -0.400000E-01  -0.400000E-01   0.495000E+03   0.495000E+03   0.485015E+03   0.998512E+01   0.402702E+00
   0.880000E+00   0.880000E+00   0.875000E+03   0.875000E+03   0.858950E+03   0.160502E+02   0.366486E+00
   0.100000E+01   0.100000E+01   0.930000E+03   0.930000E+03   0.913899E+03   0.161006E+02   0.345913E+00
   0.380000E+01   0.380000E+01   0.346000E+04   0.346000E+04   0.345679E+04   0.320528E+01   0.185188E-01
   0.384000E+01   0.384000E+01   0.350000E+04   0.350000E+04   0.350688E+04  -0.687931E+01  -0.392916E-01
   0.248000E+01   0.248000E+01   0.205000E+04   0.205000E+04   0.200048E+04   0.495213E+02   0.482860E+00
   0.247000E+01   0.247000E+01   0.199000E+04   0.199000E+04   0.199099E+04  -0.992422E+00  -0.996810E-02
   0.328000E+01   0.328000E+01   0.289000E+04   0.289000E+04   0.283654E+04   0.534590E+02   0.369776E+00
   0.338000E+01   0.338000E+01   0.301000E+04   0.301000E+04   0.295130E+04   0.587031E+02   0.389864E+00
   0.431000E+01   0.431000E+01   0.406000E+04   0.406000E+04   0.411990E+04  -0.599042E+02  -0.294957E+00
   0.422000E+01   0.422000E+01   0.391000E+04   0.391000E+04   0.399906E+04  -0.890616E+02  -0.455340E+00
   0.154000E+01   0.154000E+01   0.126000E+04   0.126000E+04   0.122596E+04   0.340382E+02   0.539878E+00
   0.158000E+01   0.158000E+01   0.129500E+04   0.129500E+04   0.125365E+04   0.413491E+02   0.638124E+00
   0.640000E+00   0.640000E+00   0.795000E+03   0.795000E+03   0.753218E+03   0.417816E+02   0.104998E+01
   0.570000E+00   0.570000E+00   0.762000E+03   0.762000E+03   0.723443E+03   0.385572E+02   0.101086E+01
   0.662000E+01   0.662000E+01   0.710000E+04   0.710000E+04   0.774327E+04  -0.643270E+03  -0.120777E+01
   0.662000E+01   0.662000E+01   0.710000E+04   0.710000E+04   0.774327E+04  -0.643270E+03  -0.120777E+01
   0.490000E+01   0.490000E+01   0.464000E+04   0.464000E+04   0.495142E+04  -0.311419E+03  -0.134166E+01
   0.425000E+01   0.425000E+01   0.413000E+04   0.413000E+04   0.403916E+04   0.908371E+02   0.439697E+00
   0.310000E+01   0.310000E+01   0.274500E+04   0.274500E+04   0.268484E+04   0.601647E+02   0.438139E+00
   0.304000E+01   0.304000E+01   0.262000E+04   0.262000E+04   0.261954E+04   0.461150E+00   0.351836E-02
   0.227000E+01   0.227000E+01   0.184000E+04   0.184000E+04   0.185760E+04  -0.175985E+02  -0.191166E+00
   0.220000E+01   0.220000E+01   0.174500E+04   0.174500E+04   0.179571E+04  -0.507134E+02  -0.580853E+00
   0.960000E+00   0.960000E+00   0.975000E+03   0.975000E+03   0.956477E+03   0.185230E+02   0.379604E+00
   0.105000E+01   0.105000E+01   0.100000E+04   0.100000E+04   0.999358E+03   0.642144E+00   0.128309E-01
   0.270000E+00   0.270000E+00   0.655000E+03   0.655000E+03   0.653565E+03   0.143506E+01   0.437586E-01
   0.220000E+00   0.220000E+00   0.630000E+03   0.630000E+03   0.633444E+03  -0.344415E+01  -0.109181E+00
   0.840000E+00   0.840000E+00   0.890000E+03   0.890000E+03   0.900489E+03  -0.104894E+02  -0.235471E+00
   0.500000E+00   0.500000E+00   0.730000E+03   0.730000E+03   0.749359E+03  -0.193587E+02  -0.529703E+00
   0.390000E+00   0.390000E+00   0.693000E+03   0.693000E+03   0.702885E+03  -0.988496E+01  -0.284904E+00
   0.320000E+00   0.320000E+00   0.675000E+03   0.675000E+03   0.673939E+03   0.106109E+01   0.313980E-01
   0.226000E+01   0.226000E+01   0.186000E+04   0.186000E+04   0.184868E+04   0.113217E+02   0.121664E+00
   0.216000E+01   0.216000E+01   0.176500E+04   0.176500E+04   0.176094E+04   0.406209E+01   0.460001E-01
   0.200000E+01   0.200000E+01   0.163500E+04   0.163500E+04   0.162621E+04   0.878982E+01   0.107449E+00
   0.202000E+01   0.202000E+01   0.162000E+04   0.162000E+04   0.164266E+04  -0.226619E+02  -0.279585E+00
   0.420000E+00   0.420000E+00   0.720000E+03   0.720000E+03   0.715440E+03   0.455958E+01   0.126497E+00
   0.700000E+00   0.700000E+00   0.860000E+03   0.860000E+03   0.836904E+03   0.230956E+02   0.536553E+00
   0.145000E+01   0.145000E+01   0.123000E+04   0.123000E+04   0.122135E+04   0.865240E+01   0.140578E+00
   0.146000E+01   0.146000E+01   0.122000E+04   0.122000E+04   0.122781E+04  -0.781104E+01  -0.127946E+00
   0.170000E+01   0.170000E+01   0.139000E+04   0.139000E+04   0.139347E+04  -0.346709E+01  -0.498492E-01
   0.182000E+01   0.182000E+01   0.144000E+04   0.144000E+04   0.148333E+04  -0.433296E+02  -0.601348E+00
   0.246000E+01   0.246000E+01   0.203000E+04   0.203000E+04   0.203201E+04  -0.201389E+01  -0.198295E-01
   0.252000E+01   0.252000E+01   0.213000E+04   0.213000E+04   0.208900E+04   0.409966E+02   0.384728E+00
   0.309000E+01   0.309000E+01   0.276000E+04   0.276000E+04   0.267390E+04   0.861045E+02   0.623638E+00
   0.317000E+01   0.317000E+01   0.282500E+04   0.282500E+04   0.276205E+04   0.629524E+02   0.445460E+00
   0.352000E+01   0.352000E+01   0.330000E+04   0.330000E+04   0.316446E+04   0.135544E+03   0.821104E+00
   0.363000E+01   0.363000E+01   0.336000E+04   0.336000E+04   0.329643E+04   0.635656E+02   0.378189E+00
   0.482000E+01   0.482000E+01   0.462500E+04   0.462500E+04   0.488324E+04  -0.258235E+03  -0.111615E+01
   0.478000E+01   0.478000E+01   0.454500E+04   0.454500E+04   0.482535E+04  -0.280346E+03  -0.123304E+01
   0.208000E+01   0.208000E+01   0.172000E+04   0.172000E+04   0.169269E+04   0.273105E+02   0.317362E+00
   0.224000E+01   0.224000E+01   0.178000E+04   0.178000E+04   0.183092E+04  -0.509172E+02  -0.571724E+00
   0.320000E+01   0.320000E+01   0.291000E+04   0.291000E+04   0.279548E+04   0.114523E+03   0.786726E+00
   0.320000E+01   0.320000E+01   0.290000E+04   0.290000E+04   0.279548E+04   0.104523E+03   0.480464E+00
   0.320000E+01   0.320000E+01   0.290000E+04   0.290000E+04   0.279548E+04   0.104523E+03   0.720504E+00
   0.850000E+00   0.850000E+00   0.944000E+03   0.944000E+03   0.905103E+03   0.388971E+02   0.823321E+00
   0.890000E+00   0.890000E+00   0.925000E+03   0.925000E+03   0.923652E+03   0.134810E+01   0.291191E-01
   0.380000E+00   0.380000E+00   0.670000E+03   0.670000E+03   0.698720E+03  -0.287198E+02  -0.571181E+00
   0.330000E+00   0.330000E+00   0.675000E+03   0.675000E+03   0.678044E+03  -0.304395E+01  -0.900703E-01
   0.250000E+00   0.250000E+00   0.650000E+03   0.650000E+03   0.645486E+03   0.451384E+01   0.138697E+00
   0.400000E+00   0.400000E+00   0.727000E+03   0.727000E+03   0.707060E+03   0.199399E+02   0.547891E+00
   0.190000E+00   0.190000E+00   0.635000E+03   0.635000E+03   0.621494E+03   0.135062E+02   0.424800E+00
   0.250000E+00   0.250000E+00   0.650000E+03   0.650000E+03   0.645486E+03   0.451384E+01   0.138697E+00
   0.330000E+01   0.330000E+01   0.273500E+04   0.273500E+04   0.254810E+04   0.186902E+03   0.136610E+01
   0.333000E+01   0.333000E+01   0.277500E+04   0.277500E+04   0.258008E+04   0.194921E+03   0.140419E+01
   0.245000E+01   0.245000E+01   0.173000E+04   0.173000E+04   0.173303E+04  -0.302940E+01  -0.349993E-01
   0.209000E+01   0.209000E+01   0.138500E+04   0.138500E+04   0.144584E+04  -0.608361E+02  -0.877812E+00
   0.196000E+01   0.196000E+01   0.132000E+04   0.132000E+04   0.135182E+04  -0.318192E+02  -0.481730E+00
