"x"
0.130681
0.159426
0.155228
0.140746
0.148165
0.164881
0.1569
0.143057
0.140686
0.155089
0.150924
0.153665
0.171335
0.153187
0.149815
0.169915
0.12691
0.130684
0.157242
0.150189
0.166432
0.175794
0.153601
0.152449
0.178224
0.160038
0.170995
0.163351
0.168973
0.150426
0.162839
0.179938
0.160551
0.148877
0.148257
0.155723
0.154225
0.172665
0.169615
0.19082
0.157575
0.165422
0.177316
0.142131
0.176165
0.146267
0.169476
0.139426
0.138221
0.162333
0.144988
0.13524
0.146193
0.140101
0.152803
0.135324
0.150924
0.148341
0.157587
0.17181
0.159187
0.158925
0.156984
0.160889
0.161716
0.159237
0.140851
0.142127
0.187249
0.154048
0.16251
0.208947
0.14853
0.16307
0.173642
0.162316
0.149556
0.140223
0.147147
0.164616
0.166961
0.1586
0.152891
0.151998
0.148029
0.167342
0.153234
0.159546
0.167856
0.129551
0.159736
0.147182
0.160289
0.173473
0.164781
0.166273
0.164329
0.165425
0.168158
0.18875
0.17729
0.171809
0.174411
0.160737
0.167989
0.171752
0.163911
0.150692
0.133849
0.160646
0.156989
0.144566
0.150895
0.149221
0.15932
0.151131
0.130573
0.181467
0.146693
0.148401
0.145707
0.156273
0.14243
0.130707
0.144168
0.16736
0.155725
0.156148
0.150279
0.155366
0.148069
0.18457
0.154457
0.172552
0.159179
0.148893
0.172693
0.129392
0.172418
0.17687
0.169516
0.155886
0.163929
0.155156
0.173785
0.156056
0.170126
0.149108
0.161014
0.139224
0.159225
0.150705
0.149758
0.154385
0.174638
0.14129
0.165446
0.160076
0.145088
0.158505
0.148381
0.156386
0.152391
0.177643
0.148824
0.170718
0.14866
0.166286
0.164375
0.164382
0.140255
0.150317
0.157849
0.153828
0.149677
0.161897
0.14383
0.156276
0.157359
0.169931
0.178105
0.131555
0.145899
0.161529
0.157137
0.157377
0.142285
0.154488
0.174592
0.159907
0.142355
0.148003
0.150353
0.144488
0.145068
0.138731
0.162203
0.15744
0.175072
0.184048
0.154141
0.152851
0.166973
0.181688
0.186762
0.186425
0.159209
0.162432
0.176206
0.165173
0.168753
0.172358
0.137044
0.154474
0.149747
0.154934
0.164875
0.159159
0.126038
0.147727
0.163353
0.153887
0.153689
0.156617
0.144011
0.171859
0.149159
0.164915
0.155405
0.157135
0.170794
0.150213
0.166161
0.16259
0.158211
0.162236
0.168948
0.157049
0.160136
0.155496
0.182823
0.184402
0.157901
0.152154
0.141926
0.166241
0.178753
0.171093
0.153969
0.163166
0.174864
0.155765
0.14776
0.18792
0.164842
0.182291
0.179186
0.174042
0.172061
0.152746
0.158568
0.157874
0.160442
0.154292
0.163848
0.138278
0.16341
0.161782
0.163468
0.158125
0.143437
0.161001
0.160942
0.173699
0.163967
0.157847
0.151668
0.115073
0.141476
0.152601
0.162094
0.159984
0.150668
0.186882
0.151778
0.166549
0.158184
0.136909
0.15265
0.151193
0.167997
0.144549
0.152491
0.158923
0.15223
0.153857
0.147383
0.141852
0.13245
0.149455
0.156856
0.160523
0.176876
0.147044
0.166488
0.158778
0.163188
0.155286
0.160913
0.139272
0.146714
0.135724
0.134755
0.153586
0.166682
0.14702
0.139178
0.143398
0.155255
0.159611
0.165515
0.147828
0.170614
0.155167
0.163359
0.149174
0.16448
0.151366
0.151196
0.158778
0.158679
0.153726
0.163973
0.152228
0.147368
0.158774
0.181847
0.149199
0.15543
0.172438
0.167908
0.153009
0.166202
0.14385
0.156309
0.177022
0.150059
0.180919
0.164302
0.142455
0.184191
0.192611
0.150678
0.143619
0.147442
0.157254
0.157221
0.163309
0.161416
0.164486
0.141522
0.154723
0.164244
0.160427
0.153549
0.159061
0.150949
0.162807
0.153776
0.157206
0.151448
0.165854
0.177693
0.166878
0.151042
0.150112
0.152206
0.137079
0.146663
0.161637
0.152451
0.140141
0.167765
0.171541
0.152754
0.139574
0.166696
0.151446
0.173327
0.147818
0.154421
0.156627
0.162115
0.154817
0.155119
0.147125
0.169781
0.171029
0.175334
0.164643
0.157251
0.165207
0.147116
0.138267
0.157762
0.165328
0.162938
0.17043
0.176932
0.160187
0.177029
0.169836
0.153679
0.137161
0.152356
0.179054
0.153425
0.16864
0.161064
0.187549
0.165357
0.149047
0.148615
0.167507
0.161508
0.167124
0.154022
0.15054
0.148794
0.167699
0.137566
0.168908
0.138661
0.167042
0.145761
0.163122
0.140073
0.169481
0.158592
0.152293
0.153528
0.138776
0.186853
0.175684
0.157363
0.147697
0.147613
0.157012
0.16527
0.156325
0.145443
0.149322
0.160486
0.150178
0.164799
0.140422
0.151948
0.145723
0.141545
0.141999
0.160419
0.153827
0.161545
0.170405
0.131823
0.154741
0.152219
0.131019
0.162187
0.153606
0.166727
0.162801
0.168569
0.167882
0.187442
0.15785
0.178657
0.180046
0.165592
0.149619
0.175098
0.146791
0.158474
0.134986
0.164659
0.154343
0.148259
0.144043
0.16804
0.171123
0.167108
0.15814
0.151065
0.150698
0.151351
0.126369
0.156718
0.15954
0.150417
0.152341
