1921 2172.87 2026.65 2502.77 1937.52 2476.24 1936.68 2480.92 0.00333333333333333 1.00334448160535
1884 2994.9 2836.24 3385.7 2666.22 3389.27 2664.02 3385.75 0.01 1.01010101010101
1881 3078.55 2877.21 3430.06 2734.39 3484.4 2730.9 3458.92 0.0166666666666667 1.01694915254237
1975 3330.45 3233.7 3441.47 2810.47 3593.89 2817.99 3681.14 0.0233333333333333 1.02389078498294
1871 3373.17 3199.85 3784.42 3011.96 3824.19 3007.89 3823.88 0.03 1.03092783505155
1929 3391.2 3237.95 3862.97 3095.86 3775.14 3095.52 3775.17 0.0366666666666667 1.03806228373702
1874 3398.26 3230.2 3817.75 3049.44 3844.99 3047.29 3846.48 0.0433333333333333 1.04529616724739
1880 3738.43 3550.53 4223.44 3352.98 4212.91 3345.83 4229.73 0.05 1.05263157894737
1974 3852.46 3743.17 3959.62 3292.72 4115.03 3337.73 4183.31 0.0566666666666667 1.06007067137809
2007 3968.07 3863.98 4081.4 3845.24 4099.28 3734.56 4217.32 0.0633333333333333 1.06761565836299
1967 4175.71 3995.22 4596.81 4002.33 4685.01 3989.08 4679.24 0.07 1.0752688172043
1875 4188.6 4011.27 4632.28 3770.37 4705.67 3756.61 4702.8 0.0766666666666667 1.08303249097473
2005 4208.54 4091.71 4309.29 4046.53 4335.53 3961.51 4465.03 0.0833333333333333 1.09090909090909
2020 4359.45 4238.57 4480.7 4224.26 4578.33 4098.27 4645.38 0.09 1.0989010989011
1998 4396.23 4285.44 4509.23 4278.53 4508.23 4154.21 4629.33 0.0966666666666667 1.1070110701107
2015 4422.88 4296.01 4541.49 4284.68 4559.8 4157.27 4670.29 0.103333333333333 1.11524163568773
1908 4433.05 4225.94 4955.62 4099.63 4961.87 4095.38 4935.07 0.11 1.12359550561798
1962 4478 4283.53 4966.09 4237.34 4958.75 4237.27 4952.8 0.116666666666667 1.13207547169811
1985 4575.73 4464.38 4696.85 4449.48 4711.26 4335.96 4829.12 0.123333333333333 1.14068441064639
1980 4580.86 4462.68 4707.94 4464.51 4719.44 4351.33 4841.98 0.13 1.14942528735632
2017 4598.05 4490.48 4715.11 4466.11 4813.08 4383.23 4945.28 0.136666666666667 1.15830115830116
1876 4624.73 4425.47 5087.82 4178.5 5108.14 4179.28 5112.25 0.143333333333333 1.16731517509728
1961 4633.48 4436.01 5151.44 4401.04 5125.81 4401.88 5128.47 0.15 1.17647058823529
1911 4657.87 4445.96 5132.19 4268.46 5125.01 4267.12 5149.79 0.156666666666667 1.18577075098814
1946 4714.03 4479.15 5206.56 4239.72 5292.69 4214.39 5311.4 0.163333333333333 1.19521912350598
1920 4758.25 4544.31 5282.04 4364.97 5284.26 4368.75 5286.28 0.17 1.20481927710843
1968 4760 NA NA NA NA 3827.06 5692.94 0.176666666666667 1.21457489878543
1894 4787.96 4573.56 5343.06 4445.81 5273.46 4450.98 5265.85 0.183333333333333 1.22448979591837
1934 4888.68 4664.65 5411.27 4525.56 5415.21 4523.43 5423.15 0.19 1.23456790123457
1893 4889.48 4665.58 5426.26 4555.83 5367.87 4556.92 5380.08 0.196666666666667 1.2448132780083
1912 4903.27 4715.11 5532.98 4530.42 5536.23 4537.94 5538.9 0.203333333333333 1.25523012552301
1909 4918.66 4722.83 5464.82 4600.14 5406.26 4586.13 5426.38 0.21 1.26582278481013
1938 4931.77 4699.67 5379.99 4469.83 5512.56 4480.36 5510.91 0.216666666666667 1.27659574468085
1905 4933.28 4722.83 5388.58 4570.58 5338.6 4565.81 5335.66 0.223333333333333 1.28755364806867
1969 4995 NA NA NA NA 4016 5974 0.23 1.2987012987013
1952 5023.3 4804.64 5534.65 4700.6 5556.83 4702.04 5559 0.236666666666667 1.31004366812227
1885 5064.26 4915.86 5214.52 4651.13 5417.37 4632.35 5408.11 0.243333333333333 1.3215859030837
1965 5073.48 4897.76 5555.36 4846.32 5566.25 4837.99 5575.81 0.25 1.33333333333333
1973 5078.41 4934.7 5195.35 4455.28 5384.47 4410.95 5442.15 0.256666666666667 1.34529147982063
1991 5079.29 4954.27 5188.87 4947.44 5208.44 4853.73 5328.39 0.263333333333333 1.35746606334842
1878 5109.14 4901.13 5684.62 4661.32 5677.74 4652.78 5662.5 0.27 1.36986301369863
1939 5243.76 5079.3 5379.99 4741.15 5698.05 4739.89 5702.86 0.276666666666667 1.38248847926267
2012 5247.76 5120.83 5375.51 5086.6 5402.09 4999.99 5498.95 0.283333333333333 1.3953488372093
1989 5275.42 5155.21 5399.62 5138.76 5399.08 5026.76 5534.16 0.29 1.40845070422535
1990 5297.61 5185.1 5410.95 5184.39 5441.87 5077.09 5530.45 0.296666666666667 1.4218009478673
1953 5306.39 5156.55 5458.1 5086.16 5631.88 5071.41 5650.2 0.303333333333333 1.43540669856459
1883 5320.81 5176.41 5466.89 4904.51 5666.52 4884.52 5673.31 0.31 1.44927536231884
1966 5327.09 5192.15 5478.81 5124.97 5558.67 5118.18 5560.82 0.316666666666667 1.46341463414634
1945 5334.42 5160.87 5479.71 4812.9 5776.92 4820.28 5783.4 0.323333333333333 1.47783251231527
1949 5379.99 5258.82 5533.13 4915.7 5875.38 4919.78 5864.08 0.33 1.49253731343284
1887 5380.6 5169.75 5892.78 4953.24 5918.6 4939.76 5909.77 0.336666666666667 1.50753768844221
1915 5441.01 5214 6066.64 5022.96 6027.16 5022.89 6005.25 0.343333333333333 1.52284263959391
2006 5457.11 5329.57 5592.16 5310.47 5608.04 5214.95 5745.19 0.35 1.53846153846154
1956 5460.78 5315.91 5599.22 5233.85 5647.78 5221.7 5653.02 0.356666666666667 1.55440414507772
1971 5477.34 5340.38 5610.64 4829.93 5793.13 4851.61 5872.63 0.363333333333333 1.57068062827225
1984 5479.67 5347.52 5602.44 5344.33 5610.76 5232.8 5749.48 0.37 1.58730158730159
1970 5510 NA NA NA NA 4430.06 6589.94 0.376666666666667 1.60427807486631
1942 5579.43 5425.74 5734.96 5108.43 6064.02 5103.66 6069.07 0.383333333333333 1.62162162162162
1904 5579.66 5365.42 6091.28 5197.5 6104.51 5212.2 6107.66 0.39 1.63934426229508
1922 5594.67 5441.01 5734.54 5207.42 5832.67 5207.47 5846.55 0.396666666666667 1.65745856353591
1927 5594.67 5432.99 5750.17 5211.19 5841.91 5209.93 5845.71 0.403333333333333 1.67597765363128
1992 5664.72 5523.32 5792.36 5508.15 5812.98 5390.09 5924.36 0.41 1.69491525423729
2004 5671.45 5548.93 5794.06 5439.31 6063.23 5371.22 6135.27 0.416666666666667 1.71428571428571
1943 5672.53 5502.36 5813.41 5206.22 6134.69 5179.53 6123.55 0.423333333333333 1.73410404624277
1879 5676.39 5520.6 5833.99 5244.7 6053.49 5238.77 6055.5 0.43 1.75438596491228
1895 5688.14 5479.36 6163.17 5300.45 6135.13 5306.55 6134.14 0.436666666666667 1.77514792899408
1947 5703.71 5533.13 5860.7 5216.35 6177.29 5219.68 6196.34 0.443333333333333 1.79640718562874
1877 5707.76 5551.61 5874.08 5267.02 6073.31 5263.23 6079.04 0.45 1.81818181818182
1916 5812.88 5656.65 5963.39 5414.67 6061.86 5407.95 6071.65 0.456666666666667 1.84049079754601
1950 5813.41 5656.97 5971.68 5316.66 6292.53 5326.51 6294.68 0.463333333333333 1.86335403726708
1972 5922.16 5792.89 6075.18 5277.11 6274.35 5233.06 6331.22 0.47 1.88679245283019
1957 5991.55 5840.73 6160.13 5769.05 6203.53 5759.94 6202.16 0.476666666666667 1.91082802547771
1897 6003.01 5781.83 6538.35 5591.46 6497.18 5582.58 6517.44 0.483333333333333 1.93548387096774
1981 6047.34 5912.28 6191.38 5911.81 6205.51 5774.16 6306.99 0.49 1.96078431372549
1898 6050.87 5876.19 6227.74 5719.03 6286.98 5708.91 6287.89 0.496666666666667 1.98675496688742
1964 6056.2 5913.45 6216.54 5822.21 6301.7 5802.2 6307.75 0.503333333333333 2.01342281879195
1899 6082.87 5923.61 6243.93 5695.04 6321.21 5700.02 6343.99 0.51 2.04081632653061
1918 6098.69 5923.33 6260 5689.96 6351.28 5692.19 6351.95 0.516666666666667 2.06896551724138
1892 6114.94 5946.99 6284.89 5762.71 6366.09 5757.4 6377.67 0.523333333333333 2.0979020979021
1873 6122.24 5961.38 6317.62 5609.73 6521.48 5610.42 6517.3 0.53 2.12765957446809
2018 6130.72 5990.28 6262.2 5973.38 6382.6 5900.43 6473.49 0.536666666666667 2.15827338129496
1999 6157.84 6019.07 6284.72 6006.78 6298.68 5912.83 6429.19 0.543333333333333 2.18978102189781
1932 6179.12 6018.71 6325.03 5775.19 6444.67 5767.64 6446.71 0.55 2.22222222222222
1940 6180.13 6019.51 6342.54 5653.64 6687.61 5672.05 6699.08 0.556666666666667 2.25563909774436
2010 6194.87 6047.72 6315.89 6026.99 6338.21 5948.19 6440.79 0.563333333333333 2.29007633587786
1931 6195.26 6034.67 6341.33 5773.15 6452.35 5759.9 6453.88 0.57 2.32558139534884
1913 6325.03 6163 6488.85 5887.68 6615.13 5865.09 6604.77 0.576666666666667 2.36220472440945
1987 6388.9 6243.72 6529.4 6238.18 6559.22 6124.18 6675.42 0.583333333333333 2.4
1906 6390.42 6235.43 6554.88 6008.81 6680.03 6006.63 6667.25 0.59 2.4390243902439
1925 6505.33 6341.33 6654.45 6079.78 6769.34 6079.91 6761.3 0.596666666666667 2.47933884297521
1930 6521.83 6357.65 6687.78 6109.11 6805.67 6089.44 6812.95 0.603333333333333 2.52100840336134
1959 6543.26 6378.85 6709.45 6280.77 6759.54 6267.38 6780.67 0.61 2.56410256410256
1941 6556.35 6391.62 6722.85 6028.21 7055.7 6041.33 7051.73 0.616666666666667 2.60869565217391
1979 6575.85 6447.2 6716.36 6424.78 6751.63 6309.04 6867.93 0.623333333333333 2.65486725663717
2009 6588.39 6446.12 6727.74 6407.81 6826.98 6338.22 6944.35 0.63 2.7027027027027
1902 6596.28 6439.57 6754.58 6208.4 6861.66 6206.88 6850.91 0.636666666666667 2.75229357798165
1983 6596.55 6461.29 6731.34 6455.72 6752.89 6345.04 6858.74 0.643333333333333 2.80373831775701
1986 6667.69 6536.03 6809.75 6511.68 6826.21 6423.77 6949.74 0.65 2.85714285714286
1988 6685.07 6528.53 6823.91 6521.97 6866.96 6421.48 6957.35 0.656666666666667 2.9126213592233
1903 6704.41 6538.35 6872.24 6331.55 6992.28 6306.22 7018.7 0.663333333333333 2.97029702970297
1937 6706.12 6539.79 6874.2 6145.62 7218.46 6144.18 7218.72 0.67 3.03030303030303
1995 6730.87 6593.18 6878.21 6588.53 6886.8 6424.27 7002.52 0.676666666666667 3.09278350515464
2001 6789.41 6667.16 6932.49 6657.29 6957.71 6490.79 7065.35 0.683333333333333 3.15789473684211
1901 6855.38 6687.73 7024.78 6475.94 7139.54 6456.4 7157.28 0.69 3.2258064516129
2008 6943.39 6807.43 7118.32 6785.07 7185.34 6699.62 7323.83 0.696666666666667 3.2967032967033
2000 7076.75 6924.91 7228.68 6904.81 7244.38 6802.31 7386.49 0.703333333333333 3.37078651685393
2013 7138.7 6987.76 7282.97 6960.45 7312.94 6844.47 7438.64 0.71 3.44827586206897
1948 7146.78 6958.9 7319.4 6612.6 7687.59 6595.4 7688.23 0.716666666666667 3.52941176470588
1923 7213.4 7024.96 7369.13 6769.38 7519.3 6751.14 7517.52 0.723333333333333 3.6144578313253
2019 7216.6 7064.01 7364.64 7049 7495.68 6949.54 7610.52 0.73 3.7037037037037
2011 7216.84 7077.52 7362.39 7036.64 7395.7 6907.13 7485.35 0.736666666666667 3.79746835443038
1944 7267.43 7112.47 7441.26 6696.22 7771.33 6687.21 7768.59 0.743333333333333 3.8961038961039
1978 7370.94 7209.94 7528.79 7174.12 7557.63 7072.08 7687.46 0.75 4
1928 7473.73 7299.74 7649.43 7010.66 7817.03 7012.23 7810.83 0.756666666666667 4.10958904109589
1933 7508.73 7334.4 7667.1 6984.34 7796.83 6977.67 7815.13 0.763333333333333 4.22535211267606
2014 7510.52 7361.92 7657.63 7320.45 7696.59 7202.4 7786.12 0.77 4.34782608695652
1890 7525.88 7359.7 7711.34 7072.16 7857.89 7047.35 7862.02 0.776666666666667 4.47761194029851
1914 7543.8 7369.13 7720.2 7052.01 7855.64 7048.26 7848.74 0.783333333333333 4.61538461538461
1982 7556.13 7406.92 7718.84 7387.17 7746.56 7290.84 7882.55 0.79 4.76190476190476
1954 7577.42 7393.52 7745.5 7248.49 7986.54 7238.04 7988.31 0.796666666666667 4.91803278688525
1926 7614.16 7438.79 7791.23 7130.91 7930.25 7148.02 7943.63 0.803333333333333 5.08474576271187
1977 7615.02 7450.92 7785.78 7433.85 7798.08 7309.59 7922.35 0.81 5.26315789473684
1882 7649.18 7472.59 7827.46 7099.55 8093.82 7100.77 8093 0.816666666666667 5.45454545454545
1955 7683.12 7507.31 7860.64 7340.95 8116.94 7333.13 8116.35 0.823333333333333 5.66037735849057
1997 7788.71 7640.15 7940.98 7611.4 7954.92 7499.86 8089.93 0.83 5.88235294117647
1963 7814.4 7637.09 7975.43 7477.45 8080.7 7466.46 8104.63 0.836666666666667 6.12244897959184
1924 7826.85 7649.43 7987.98 7331.63 8134.27 7333.1 8153.79 0.843333333333333 6.38297872340426
1917 7934.12 7755.68 8132.36 7483.54 8259.07 7490.57 8272.08 0.85 6.66666666666667
1872 8061.77 7899.25 8243.94 7479.22 8528.3 7476.87 8543.14 0.856666666666667 6.97674418604651
1891 8113.67 7933.6 8313.71 7634.57 8459.27 7631.32 8456.28 0.863333333333333 7.3170731707317
1958 8228.65 8029.41 8421.19 7855.56 8536.64 7852.46 8547.01 0.87 7.69230769230769
1936 8281.15 8107.92 8446.24 7673.33 8890.69 7676.18 8918.9 0.876666666666667 8.10810810810811
1960 8310.74 8155.96 8503.62 7975.74 8628.05 7969.67 8620.84 0.883333333333333 8.57142857142857
1888 8350.29 8168.03 8534.24 7884.2 8707.17 7866.22 8726.11 0.89 9.09090909090909
1976 8365.99 8196.83 8543.39 8149.21 8554.55 8071.11 8661.95 0.896666666666667 9.6774193548387
1919 8369.28 8186.79 8553.46 7863.73 8699.29 7862.36 8713.38 0.903333333333333 10.3448275862069
1996 8570.5 8411.62 8753.24 8362.7 8759.07 8264.4 8855.42 0.91 11.1111111111111
2016 8674.47 8500.39 8841.73 8454.93 8849.44 8385.88 8989.14 0.916666666666667 12
1993 9108.15 8923.82 9287.7 8872.37 9294.29 8751.65 9410.94 0.923333333333333 13.0434782608696
1889 9115.05 8925.95 9286.64 8598.15 9495.94 8573.01 9481.37 0.93 14.2857142857143
1907 9153.07 8963.64 9324.95 8642 9501.87 8623.19 9507.34 0.936666666666667 15.7894736842105
1886 9294.77 9103.34 9487.84 8638.51 9806.17 8634.52 9841.61 0.943333333333333 17.6470588235294
1896 9459.56 9267.51 9672.7 8922.71 9859.38 8895.53 9850.5 0.95 20
1910 9498.17 9305.79 9692.18 8981.94 9899.62 8962.34 9917.44 0.956666666666667 23.0769230769231
1900 9614.38 9421.02 9809.36 9074.79 9999.59 9054.33 10024.15 0.963333333333333 27.2727272727273
2002 9812.09 9622.8 9996.36 9554.57 9996.6 9449.5 10117.36 0.97 33.3333333333333
1951 9834.81 9620 10031.8 9140.07 10488.76 9117.04 10508.83 0.976666666666667 42.8571428571429
1994 9981.91 9765.44 10188.64 9687.91 10199.53 9595.43 10273.45 0.983333333333333 59.9999999999998
1935 10046.67 9849.69 10225.3 9438.34 10502.84 9431.46 10531.7 0.99 99.9999999999999
2003 11533.69 11300.39 11757.27 11208.34 11791.07 11133.93 11857.28 0.996666666666667 300.000000000003
