X1_obs         X1_true        Y1_obs         Y1_unbiased    Y1_sim         Y1_res         Y1_stdres      
   0.284000E+01   0.284000E+01   0.126500E+04   0.126500E+04   0.127883E+04  -0.138330E+02  -0.115686E+00
   0.280000E+01   0.280000E+01   0.125500E+04   0.125500E+04   0.125568E+04  -0.680194E+00  -0.570226E-02
   0.275000E+01   0.275000E+01   0.120500E+04   0.120500E+04   0.122699E+04  -0.219911E+02  -0.186432E+00
   0.509000E+01   0.509000E+01   0.353100E+04   0.353100E+04   0.354357E+04  -0.125697E+02  -0.612886E-01
   0.517000E+01   0.517000E+01   0.365000E+04   0.365000E+04   0.361538E+04   0.346162E+02   0.164620E+00
   0.508000E+01   0.508000E+01   0.351500E+04   0.351500E+04   0.353464E+04  -0.196358E+02  -0.692552E-01
   0.516000E+01   0.516000E+01   0.366000E+04   0.366000E+04   0.360637E+04   0.536262E+02   0.182589E+00
   0.494000E+01   0.494000E+01   0.336500E+04   0.336500E+04   0.341056E+04  -0.455635E+02  -0.230234E+00
   0.497000E+01   0.497000E+01   0.347900E+04   0.347900E+04   0.343699E+04   0.420074E+02   0.207151E+00
   0.496000E+01   0.496000E+01   0.335000E+04   0.335000E+04   0.342817E+04  -0.781733E+02  -0.287394E+00
   0.725000E+01   0.725000E+01   0.564500E+04   0.564500E+04   0.569092E+04  -0.459165E+02  -0.152098E+00
   0.719000E+01   0.719000E+01   0.561100E+04   0.561100E+04   0.562556E+04  -0.145561E+02  -0.484767E-01
   0.725000E+01   0.725000E+01   0.566000E+04   0.566000E+04   0.569092E+04  -0.309165E+02  -0.706174E-01
   0.726000E+01   0.726000E+01   0.551000E+04   0.551000E+04   0.570184E+04  -0.191841E+03  -0.449373E+00
   0.425000E+01   0.425000E+01   0.278900E+04   0.278900E+04   0.282672E+04  -0.377206E+02  -0.217244E+00
   0.443000E+01   0.443000E+01   0.293200E+04   0.293200E+04   0.297455E+04  -0.425542E+02  -0.237025E+00
   0.443000E+01   0.443000E+01   0.292500E+04   0.292500E+04   0.297455E+04  -0.495542E+02  -0.204243E+00
   0.428000E+01   0.428000E+01   0.282500E+04   0.282500E+04   0.285114E+04  -0.261382E+02  -0.110851E+00
   0.408000E+01   0.408000E+01   0.262400E+04   0.262400E+04   0.269004E+04  -0.660354E+02  -0.395489E+00
   0.402000E+01   0.402000E+01   0.255500E+04   0.255500E+04   0.264248E+04  -0.874786E+02  -0.532639E+00
   0.408000E+01   0.408000E+01   0.265000E+04   0.265000E+04   0.269004E+04  -0.400354E+02  -0.178744E+00
   0.510000E+01   0.510000E+01   0.370000E+04   0.370000E+04   0.355251E+04   0.147487E+03   0.497459E+00
   0.523000E+01   0.523000E+01   0.387000E+04   0.387000E+04   0.366964E+04   0.200357E+03   0.649459E+00
   0.539000E+01   0.539000E+01   0.385000E+04   0.385000E+04   0.381600E+04   0.339981E+02   0.110689E+00
   0.596000E+01   0.596000E+01   0.447500E+04   0.447500E+04   0.435691E+04   0.118095E+03   0.335700E+00
   0.609000E+01   0.609000E+01   0.457000E+04   0.457000E+04   0.448449E+04   0.855097E+02   0.238429E+00
   0.625000E+01   0.625000E+01   0.470000E+04   0.470000E+04   0.464365E+04   0.563511E+02   0.153117E+00
   0.646000E+01   0.646000E+01   0.490000E+04   0.490000E+04   0.485609E+04   0.439071E+02   0.114792E+00
   0.643000E+01   0.643000E+01   0.469500E+04   0.469500E+04   0.482550E+04  -0.130498E+03  -0.506645E+00
   0.636000E+01   0.636000E+01   0.440000E+04   0.440000E+04   0.475443E+04  -0.354428E+03  -0.102265E+01
   0.372000E+01   0.372000E+01   0.237000E+04   0.237000E+04   0.241010E+04  -0.400994E+02  -0.255485E+00
   0.362000E+01   0.362000E+01   0.238500E+04   0.238500E+04   0.233466E+04   0.503438E+02   0.319728E+00
   0.364000E+01   0.364000E+01   0.237000E+04   0.237000E+04   0.234966E+04   0.203363E+02   0.990289E-01
   0.364000E+01   0.364000E+01   0.233200E+04   0.233200E+04   0.234966E+04  -0.176637E+02  -0.113612E+00
   0.853000E+01   0.853000E+01   0.752000E+04   0.752000E+04   0.717242E+04   0.347585E+03   0.887875E+00
   0.852000E+01   0.852000E+01   0.750000E+04   0.750000E+04   0.715973E+04   0.340266E+03   0.593874E+00
   0.853000E+01   0.853000E+01   0.751000E+04   0.751000E+04   0.717242E+04   0.337585E+03   0.588435E+00
   0.314000E+01   0.314000E+01   0.174400E+04   0.174400E+04   0.198677E+04  -0.242770E+03  -0.180523E+01
   0.304000E+01   0.304000E+01   0.184500E+04   0.184500E+04   0.191730E+04  -0.722957E+02  -0.420132E+00
   0.314000E+01   0.314000E+01   0.197500E+04   0.197500E+04   0.198677E+04  -0.117699E+02  -0.827453E-01
   0.298000E+01   0.298000E+01   0.177000E+04   0.177000E+04   0.187611E+04  -0.106114E+03  -0.633302E+00
   0.290000E+01   0.290000E+01   0.177600E+04   0.177600E+04   0.182179E+04  -0.457937E+02  -0.338296E+00
   0.297000E+01   0.297000E+01   0.184600E+04   0.184600E+04   0.186929E+04  -0.232869E+02  -0.169074E+00
   0.440000E+01   0.440000E+01   0.303400E+04   0.303400E+04   0.294969E+04   0.843057E+02   0.458919E+00
   0.423000E+01   0.423000E+01   0.285100E+04   0.285100E+04   0.281049E+04   0.405084E+02   0.230005E+00
   0.990000E+00   0.990000E+00   0.679000E+03   0.679000E+03   0.733786E+03  -0.547859E+02  -0.515172E+00
   0.101000E+01   0.101000E+01   0.679000E+03   0.679000E+03   0.743000E+03  -0.639997E+02  -0.601750E+00
   0.137000E+01   0.137000E+01   0.959000E+03   0.959000E+03   0.917062E+03   0.419376E+02   0.375056E+00
   0.143000E+01   0.143000E+01   0.985000E+03   0.985000E+03   0.947566E+03   0.374340E+02   0.299049E+00
   0.600000E+00   0.600000E+00   0.453000E+03   0.453000E+03   0.563959E+03  -0.110959E+03  -0.107641E+01
   0.480000E+00   0.480000E+00   0.472000E+03   0.472000E+03   0.515543E+03  -0.435428E+02  -0.421782E+00
   0.607000E+01   0.607000E+01   0.439500E+04   0.439500E+04   0.446476E+04  -0.697606E+02  -0.286161E+00
   0.608000E+01   0.608000E+01   0.437600E+04   0.437600E+04   0.447462E+04  -0.986208E+02  -0.405964E+00
   0.606000E+01   0.606000E+01   0.433400E+04   0.433400E+04   0.445491E+04  -0.120909E+03  -0.353794E+00
   0.303000E+01   0.303000E+01   0.188200E+04   0.188200E+04   0.191041E+04  -0.284058E+02  -0.204383E+00
   0.302000E+01   0.302000E+01   0.184500E+04   0.184500E+04   0.190353E+04  -0.585264E+02  -0.424933E+00
   0.313000E+01   0.313000E+01   0.196200E+04   0.196200E+04   0.197978E+04  -0.177755E+02  -0.125369E+00
   0.285000E+01   0.285000E+01   0.163100E+04   0.163100E+04   0.178819E+04  -0.157187E+03  -0.120274E+01
   0.408000E+01   0.408000E+01   0.278300E+04   0.278300E+04   0.269004E+04   0.929646E+02   0.536474E+00
   0.409000E+01   0.409000E+01   0.261500E+04   0.261500E+04   0.269800E+04  -0.829964E+02  -0.498105E+00
   0.199000E+01   0.199000E+01   0.126400E+04   0.126400E+04   0.125229E+04   0.117128E+02   0.979998E-01
   0.218000E+01   0.218000E+01   0.136600E+04   0.136600E+04   0.136372E+04   0.227569E+01   0.185907E-01
   0.137000E+01   0.137000E+01   0.938000E+03   0.938000E+03   0.917062E+03   0.209376E+02   0.187999E+00
   0.123000E+01   0.123000E+01   0.878000E+03   0.878000E+03   0.847536E+03   0.304644E+02   0.276799E+00
   0.277000E+01   0.277000E+01   0.168800E+04   0.168800E+04   0.173497E+04  -0.469666E+02  -0.354638E+00
   0.293000E+01   0.293000E+01   0.186400E+04   0.186400E+04   0.184208E+04   0.219153E+02   0.158450E+00
   0.430000E+01   0.430000E+01   0.290500E+04   0.290500E+04   0.286747E+04   0.375341E+02   0.210446E+00
   0.436000E+01   0.436000E+01   0.286800E+04   0.286800E+04   0.291669E+04  -0.486851E+02  -0.275231E+00
   0.610000E+01   0.610000E+01   0.446000E+04   0.446000E+04   0.449437E+04  -0.343689E+02  -0.139297E+00
   0.226000E+01   0.226000E+01   0.141600E+04   0.141600E+04   0.141184E+04   0.415872E+01   0.335726E-01
   0.402000E+01   0.402000E+01   0.287500E+04   0.287500E+04   0.264248E+04   0.232521E+03   0.131392E+01
   0.409000E+01   0.409000E+01   0.267000E+04   0.267000E+04   0.269800E+04  -0.279964E+02  -0.165864E+00
   0.559000E+01   0.559000E+01   0.401900E+04   0.401900E+04   0.400234E+04   0.166604E+02   0.734891E-01
   0.567000E+01   0.567000E+01   0.413300E+04   0.413300E+04   0.407792E+04   0.550765E+02   0.237586E+00
   0.657000E+01   0.657000E+01   0.496200E+04   0.496200E+04   0.496897E+04  -0.697214E+01  -0.258354E-01
   0.666000E+01   0.666000E+01   0.507200E+04   0.507200E+04   0.506214E+04   0.985806E+01   0.358503E-01
   0.544000E+01   0.544000E+01   0.396000E+04   0.396000E+04   0.386223E+04   0.977659E+02   0.436432E+00
   0.618000E+01   0.618000E+01   0.462600E+04   0.462600E+04   0.457373E+04   0.522716E+02   0.205552E+00
   0.740000E+01   0.740000E+01   0.589700E+04   0.589700E+04   0.585571E+04   0.412890E+02   0.131589E+00
   0.164000E+01   0.164000E+01   0.104700E+04   0.104700E+04   0.105763E+04  -0.106284E+02  -0.932866E-01
   0.199000E+01   0.199000E+01   0.126300E+04   0.126300E+04   0.125229E+04   0.107128E+02   0.896527E-01
   0.156000E+01   0.156000E+01   0.106800E+04   0.106800E+04   0.101510E+04   0.529023E+02   0.462551E+00
   0.146000E+01   0.146000E+01   0.944000E+03   0.944000E+03   0.962976E+03  -0.189757E+02  -0.170109E+00
   0.398000E+01   0.398000E+01   0.264100E+04   0.264100E+04   0.261097E+04   0.300266E+02   0.179180E+00
   0.415000E+01   0.415000E+01   0.287100E+04   0.287100E+04   0.274597E+04   0.125029E+03   0.706850E+00
   0.396000E+01   0.396000E+01   0.268600E+04   0.268600E+04   0.259528E+04   0.907193E+02   0.400836E+00
   0.398000E+01   0.398000E+01   0.274500E+04   0.274500E+04   0.261097E+04   0.134027E+03   0.582011E+00
   0.400000E+01   0.400000E+01   0.273900E+04   0.273900E+04   0.262671E+04   0.112294E+03   0.488471E+00
   0.594000E+01   0.594000E+01   0.441100E+04   0.441100E+04   0.433742E+04   0.735850E+02   0.211937E+00
   0.333000E+01   0.333000E+01   0.215600E+04   0.215600E+04   0.212164E+04   0.343625E+02   0.179460E+00
   0.320000E+01   0.320000E+01   0.208200E+04   0.208200E+04   0.202896E+04   0.530449E+02   0.284044E+00
   0.530000E+00   0.530000E+00   0.413000E+03   0.413000E+03   0.535493E+03  -0.122493E+03  -0.119359E+01
   0.380000E+00   0.380000E+00   0.395000E+03   0.395000E+03   0.483111E+03  -0.881112E+02  -0.860602E+00
   0.811000E+01   0.811000E+01   0.683800E+04   0.683800E+04   0.666251E+04   0.175489E+03   0.334794E+00
   0.309000E+01   0.309000E+01   0.196400E+04   0.196400E+04   0.195190E+04   0.120978E+02   0.674503E-01
   0.555000E+01   0.555000E+01   0.390000E+04   0.390000E+04   0.396477E+04  -0.647719E+02  -0.208442E+00
   0.650000E+00   0.650000E+00   0.560000E+03   0.560000E+03   0.584672E+03  -0.246722E+02  -0.226338E+00
   0.800000E+00   0.800000E+00   0.650000E+03   0.650000E+03   0.648694E+03   0.130614E+01   0.116772E-01
   0.500000E+00   0.500000E+00   0.470000E+03   0.470000E+03   0.523484E+03  -0.534845E+02  -0.502137E+00
   0.490000E+01   0.490000E+01   0.331000E+04   0.331000E+04   0.337546E+04  -0.654589E+02  -0.243149E+00
   0.492000E+01   0.492000E+01   0.332000E+04   0.332000E+04   0.339299E+04  -0.729920E+02  -0.270428E+00
   0.495000E+01   0.495000E+01   0.342000E+04   0.342000E+04   0.341936E+04   0.636405E+00   0.229865E-02
   0.500000E+01   0.500000E+01   0.348000E+04   0.348000E+04   0.346351E+04   0.164921E+02   0.586794E-01
   0.218000E+01   0.218000E+01   0.136000E+04   0.136000E+04   0.136372E+04  -0.372431E+01  -0.258712E-01
   0.139000E+01   0.139000E+01   0.928000E+03   0.928000E+03   0.927183E+03   0.816646E+00   0.769551E-02
   0.373000E+01   0.373000E+01   0.243700E+04   0.243700E+04   0.241770E+04   0.193005E+02   0.144382E+00
   0.640000E+01   0.640000E+01   0.465700E+04   0.465700E+04   0.479499E+04  -0.137985E+03  -0.709762E+00
   0.640000E+01   0.640000E+01   0.474800E+04   0.474800E+04   0.479499E+04  -0.469850E+02  -0.126463E+00
   0.720000E+01   0.720000E+01   0.540700E+04   0.540700E+04   0.563643E+04  -0.229427E+03  -0.105524E+01
   0.720000E+01   0.720000E+01   0.543500E+04   0.543500E+04   0.563643E+04  -0.201427E+03  -0.477946E+00
   0.685000E+01   0.685000E+01   0.550200E+04   0.550200E+04   0.526123E+04   0.240770E+03   0.109398E+01
   0.740000E+01   0.740000E+01   0.593000E+04   0.593000E+04   0.585571E+04   0.742890E+02   0.317946E+00
   0.770000E+01   0.770000E+01   0.627800E+04   0.627800E+04   0.619124E+04   0.867575E+02   0.179615E+00
   0.772000E+01   0.772000E+01   0.642300E+04   0.642300E+04   0.621389E+04   0.209108E+03   0.423611E+00
   0.785000E+01   0.785000E+01   0.614800E+04   0.614800E+04   0.636196E+04  -0.213962E+03  -0.888750E+00
   0.786000E+01   0.786000E+01   0.618700E+04   0.618700E+04   0.637341E+04  -0.186413E+03  -0.391278E+00
   0.964000E+01   0.964000E+01   0.930200E+04   0.930200E+04   0.870299E+04   0.599011E+03   0.125277E+01
   0.972000E+01   0.972000E+01   0.955500E+04   0.955500E+04   0.882181E+04   0.733189E+03   0.149478E+01
   0.990000E+01   0.990000E+01   0.957800E+04   0.957800E+04   0.909303E+04   0.484967E+03   0.667131E+00
   0.984000E+01   0.984000E+01   0.923300E+04   0.923300E+04   0.900203E+04   0.230965E+03   0.329307E+00
   0.717000E+01   0.717000E+01   0.595000E+04   0.595000E+04   0.560384E+04   0.346160E+03   0.754329E+00
   0.735000E+01   0.735000E+01   0.609300E+04   0.609300E+04   0.580056E+04   0.292441E+03   0.122512E+01
   0.765000E+01   0.765000E+01   0.617800E+04   0.617800E+04   0.613477E+04   0.432276E+02   0.908723E-01
   0.105000E+02   0.105000E+02   0.110290E+05   0.110290E+05   0.100346E+05   0.994352E+03   0.176668E+01
   0.103800E+02   0.103800E+02   0.108830E+05   0.108830E+05   0.984180E+04   0.104120E+04   0.187387E+01
   0.325000E+01   0.325000E+01   0.197400E+04   0.197400E+04   0.214164E+04  -0.167641E+03  -0.135550E+01
   0.328000E+01   0.328000E+01   0.197400E+04   0.197400E+04   0.216336E+04  -0.189363E+03  -0.105126E+01
   0.329000E+01   0.329000E+01   0.212800E+04   0.212800E+04   0.217062E+04  -0.426239E+02  -0.336166E+00
   0.331000E+01   0.331000E+01   0.222000E+04   0.222000E+04   0.218518E+04   0.348227E+02   0.298453E+00
   0.501000E+01   0.501000E+01   0.357000E+04   0.357000E+04   0.356840E+04   0.159773E+01   0.981271E-02
   0.500000E+01   0.500000E+01   0.353200E+04   0.353200E+04   0.355944E+04  -0.274419E+02  -0.169607E+00
   0.500000E+01   0.500000E+01   0.353200E+04   0.353200E+04   0.355944E+04  -0.274419E+02  -0.200711E+00
   0.355000E+01   0.355000E+01   0.242900E+04   0.242900E+04   0.236301E+04   0.659907E+02   0.552469E+00
   0.357000E+01   0.357000E+01   0.242100E+04   0.242100E+04   0.237809E+04   0.429066E+02   0.359467E+00
   0.520000E+01   0.520000E+01   0.382200E+04   0.382200E+04   0.374045E+04   0.815467E+02   0.575552E+00
   0.396000E+01   0.396000E+01   0.278500E+04   0.278500E+04   0.268029E+04   0.104711E+03   0.840760E+00
   0.416000E+01   0.416000E+01   0.305300E+04   0.305300E+04   0.284115E+04   0.211851E+03   0.164769E+01
   0.280000E+01   0.280000E+01   0.186600E+04   0.186600E+04   0.182702E+04   0.389804E+02   0.347045E+00
   0.164000E+01   0.164000E+01   0.110000E+04   0.110000E+04   0.111607E+04  -0.160678E+02  -0.153121E+00
   0.163000E+01   0.163000E+01   0.108900E+04   0.108900E+04   0.111059E+04  -0.215878E+02  -0.205879E+00
   0.149000E+01   0.149000E+01   0.103500E+04   0.103500E+04   0.103507E+04  -0.696370E-01  -0.666886E-03
   0.373000E+01   0.373000E+01   0.240600E+04   0.240600E+04   0.250022E+04  -0.942225E+02  -0.789751E+00
   0.369000E+01   0.369000E+01   0.228600E+04   0.228600E+04   0.246945E+04  -0.183448E+03  -0.155744E+01
   0.198000E+01   0.198000E+01   0.130300E+04   0.130300E+04   0.130911E+04  -0.611150E+01  -0.573243E-01
   0.196000E+01   0.196000E+01   0.126000E+04   0.126000E+04   0.129740E+04  -0.373972E+02  -0.351891E+00
   0.842000E+01   0.842000E+01   0.675900E+04   0.675900E+04   0.716335E+04  -0.404351E+03  -0.201097E+01
   0.831000E+01   0.831000E+01   0.652000E+04   0.652000E+04   0.702722E+04  -0.507223E+03  -0.258811E+01
   0.301000E+01   0.301000E+01   0.195000E+04   0.195000E+04   0.197121E+04  -0.212146E+02  -0.187118E+00
   0.103000E+01   0.103000E+01   0.762000E+03   0.762000E+03   0.802990E+03  -0.409897E+02  -0.399309E+00
   0.746000E+01   0.746000E+01   0.591800E+04   0.591800E+04   0.604234E+04  -0.124344E+03  -0.679801E+00
   0.424000E+01   0.424000E+01   0.303200E+04   0.303200E+04   0.290660E+04   0.125401E+03   0.977168E+00
   0.208000E+01   0.208000E+01   0.132700E+04   0.132700E+04   0.136835E+04  -0.413488E+02  -0.386909E+00
   0.635000E+01   0.635000E+01   0.485000E+04   0.485000E+04   0.485379E+04  -0.378525E+01  -0.234998E-01
   0.619000E+01   0.619000E+01   0.463000E+04   0.463000E+04   0.469159E+04  -0.615915E+02  -0.392708E+00
   0.620000E+01   0.620000E+01   0.463000E+04   0.463000E+04   0.470166E+04  -0.716604E+02  -0.456882E+00
   0.581000E+01   0.581000E+01   0.429500E+04   0.429500E+04   0.431577E+04  -0.207659E+02  -0.138046E+00
   0.502000E+01   0.502000E+01   0.363000E+04   0.363000E+04   0.357737E+04   0.526279E+02   0.380436E+00
   0.201000E+01   0.201000E+01   0.139400E+04   0.139400E+04   0.132677E+04   0.672337E+02   0.626298E+00
   0.203000E+01   0.203000E+01   0.141400E+04   0.141400E+04   0.133859E+04   0.754083E+02   0.701286E+00
   0.157000E+01   0.157000E+01   0.109000E+04   0.109000E+04   0.107795E+04   0.120522E+02   0.114977E+00
   0.348000E+01   0.348000E+01   0.219800E+04   0.219800E+04   0.231053E+04  -0.112535E+03  -0.965485E+00
   0.336000E+01   0.336000E+01   0.208200E+04   0.208200E+04   0.222174E+04  -0.139740E+03  -0.121389E+01
   0.391000E+01   0.391000E+01   0.280900E+04   0.280900E+04   0.264069E+04   0.168306E+03   0.134819E+01
   0.433000E+01   0.433000E+01   0.320500E+04   0.320500E+04   0.298098E+04   0.224018E+03   0.170997E+01
   0.437000E+01   0.437000E+01   0.322100E+04   0.322100E+04   0.301430E+04   0.206704E+03   0.157446E+01
   0.677000E+01   0.677000E+01   0.545100E+04   0.545100E+04   0.529057E+04   0.160432E+03   0.927287E+00
   0.832000E+01   0.832000E+01   0.712400E+04   0.712400E+04   0.703946E+04   0.845427E+02   0.405059E+00
   0.498000E+01   0.498000E+01   0.347700E+04   0.347700E+04   0.354155E+04  -0.645498E+02  -0.475253E+00
   0.207000E+01   0.207000E+01   0.147700E+04   0.147700E+04   0.136238E+04   0.114625E+03   0.106050E+01
   0.735000E+01   0.735000E+01   0.577200E+04   0.577200E+04   0.591968E+04  -0.147675E+03  -0.820966E+00
   0.740000E+01   0.740000E+01   0.585400E+04   0.585400E+04   0.597530E+04  -0.121302E+03  -0.668072E+00
   0.747000E+01   0.747000E+01   0.586500E+04   0.586500E+04   0.605355E+04  -0.188549E+03  -0.103683E+01
   0.160000E+01   0.160000E+01   0.109800E+04   0.109800E+04   0.109422E+04   0.378364E+01   0.360706E-01
   0.144000E+01   0.144000E+01   0.108800E+04   0.108800E+04   0.100865E+04   0.793548E+02   0.757746E+00
   0.137000E+01   0.137000E+01   0.954000E+03   0.954000E+03   0.972137E+03  -0.181373E+02  -0.174633E+00
   0.990000E+00   0.990000E+00   0.785000E+03   0.785000E+03   0.783993E+03   0.100683E+01   0.980014E-02
   0.440000E+01   0.440000E+01   0.318200E+04   0.318200E+04   0.303938E+04   0.142616E+03   0.109104E+01
   0.440000E+01   0.440000E+01   0.316400E+04   0.316400E+04   0.303938E+04   0.124616E+03   0.955335E+00
   0.272000E+01   0.272000E+01   0.175800E+04   0.175800E+04   0.177331E+04  -0.153100E+02  -0.137724E+00
   0.270000E+01   0.270000E+01   0.176600E+04   0.176600E+04   0.175999E+04   0.601152E+01   0.540472E-01
   0.682000E+01   0.682000E+01   0.545700E+04   0.545700E+04   0.534362E+04   0.113378E+03   0.654711E+00
   0.681000E+01   0.681000E+01   0.535300E+04   0.535300E+04   0.533299E+04   0.200067E+02   0.116914E+00
   0.750000E+01   0.750000E+01   0.626900E+04   0.626900E+04   0.608721E+04   0.181785E+03   0.956197E+00
   0.752000E+01   0.752000E+01   0.620100E+04   0.620100E+04   0.610970E+04   0.912976E+02   0.483747E+00
   0.860000E+01   0.860000E+01   0.743500E+04   0.743500E+04   0.739260E+04   0.424041E+02   0.196663E+00
   0.859000E+01   0.859000E+01   0.735300E+04   0.735300E+04   0.737967E+04  -0.266664E+02  -0.124700E+00
   0.955000E+01   0.955000E+01   0.853700E+04   0.853700E+04   0.871000E+04  -0.173000E+03  -0.719201E+00
   0.955000E+01   0.955000E+01   0.839900E+04   0.839900E+04   0.871000E+04  -0.311000E+03  -0.130953E+01
   0.976000E+01   0.976000E+01   0.863700E+04   0.863700E+04   0.902290E+04  -0.385900E+03  -0.158840E+01
   0.971000E+01   0.971000E+01   0.863800E+04   0.863800E+04   0.894773E+04  -0.309732E+03  -0.127500E+01
   0.148000E+01   0.148000E+01   0.965000E+03   0.965000E+03   0.998481E+03  -0.334808E+02  -0.322067E+00
   0.147000E+01   0.147000E+01   0.101400E+04   0.101400E+04   0.993253E+03   0.207469E+02   0.199029E+00
   0.236000E+01   0.236000E+01   0.172400E+04   0.172400E+04   0.150293E+04   0.221067E+03   0.200038E+01
   0.244000E+01   0.244000E+01   0.177800E+04   0.177800E+04   0.155305E+04   0.224953E+03   0.202469E+01
   0.255000E+01   0.255000E+01   0.183400E+04   0.183400E+04   0.162309E+04   0.210914E+03   0.188732E+01
   0.860000E+00   0.860000E+00   0.434000E+03   0.434000E+03   0.696681E+03  -0.262681E+03  -0.248137E+01
   0.870000E+00   0.870000E+00   0.522000E+03   0.522000E+03   0.701182E+03  -0.179182E+03  -0.165788E+01
   0.870000E+00   0.870000E+00   0.559000E+03   0.559000E+03   0.701182E+03  -0.142182E+03  -0.139801E+01
   0.890000E+00   0.890000E+00   0.596000E+03   0.596000E+03   0.710221E+03  -0.114221E+03  -0.112151E+01
   0.108800E+02   0.108800E+02   0.108810E+05   0.108810E+05   0.107275E+05   0.153452E+03   0.520590E+00
   0.109200E+02   0.109200E+02   0.108630E+05   0.108630E+05   0.107948E+05   0.682239E+02   0.231751E+00
   0.111000E+02   0.111000E+02   0.110510E+05   0.110510E+05   0.111002E+05  -0.492422E+02  -0.164759E+00
   0.107500E+02   0.107500E+02   0.106140E+05   0.106140E+05   0.105107E+05   0.103293E+03   0.358023E+00
   0.108700E+02   0.108700E+02   0.108100E+05   0.108100E+05   0.107108E+05   0.992223E+02   0.338503E+00
   0.107400E+02   0.107400E+02   0.104010E+05   0.104010E+05   0.104941E+05  -0.931322E+02  -0.328380E+00
   0.104900E+02   0.104900E+02   0.985100E+04   0.985100E+04   0.100847E+05  -0.233689E+03  -0.862824E+00
   0.993000E+01   0.993000E+01   0.900100E+04   0.900100E+04   0.920273E+04  -0.201728E+03  -0.803142E+00
   0.136000E+01   0.136000E+01   0.104100E+04   0.104100E+04   0.108053E+04  -0.395330E+02  -0.378253E+00
   0.190000E+01   0.190000E+01   0.103000E+04   0.103000E+04   0.109644E+04  -0.664423E+02  -0.636017E+00
   0.183000E+01   0.183000E+01   0.109500E+04   0.109500E+04   0.105861E+04   0.363901E+02   0.347128E+00
   0.241000E+01   0.241000E+01   0.160100E+04   0.160100E+04   0.163557E+04  -0.345665E+02  -0.315654E+00
   0.233000E+01   0.233000E+01   0.151200E+04   0.151200E+04   0.158433E+04  -0.723330E+02  -0.665726E+00
   0.261000E+01   0.261000E+01   0.181200E+04   0.181200E+04   0.176665E+04   0.453494E+02   0.406006E+00
   0.562000E+01   0.562000E+01   0.436400E+04   0.436400E+04   0.422871E+04   0.135287E+03   0.892482E+00
   0.551000E+01   0.551000E+01   0.428900E+04   0.428900E+04   0.412332E+04   0.165678E+03   0.110343E+01
   0.553000E+01   0.553000E+01   0.428100E+04   0.428100E+04   0.414240E+04   0.138600E+03   0.923862E+00
   0.550000E+01   0.550000E+01   0.429300E+04   0.429300E+04   0.411380E+04   0.179203E+03   0.119301E+01
   0.551000E+01   0.551000E+01   0.429000E+04   0.429000E+04   0.412332E+04   0.166678E+03   0.110996E+01
   0.520000E+00   0.520000E+00   0.470000E+03   0.470000E+03   0.617506E+03  -0.147506E+03  -0.145591E+01
   0.520000E+00   0.520000E+00   0.453000E+03   0.453000E+03   0.617506E+03  -0.164506E+03  -0.162448E+01
   0.500000E+00   0.500000E+00   0.445000E+03   0.445000E+03   0.608988E+03  -0.163988E+03  -0.161989E+01
   0.790000E+00   0.790000E+00   0.575000E+03   0.575000E+03   0.737351E+03  -0.162351E+03  -0.159473E+01
   0.810000E+00   0.810000E+00   0.567000E+03   0.567000E+03   0.746583E+03  -0.179583E+03  -0.176428E+01
   0.820000E+00   0.820000E+00   0.588000E+03   0.588000E+03   0.751218E+03  -0.163218E+03  -0.160224E+01
   0.130000E+01   0.130000E+01   0.108100E+04   0.108100E+04   0.103292E+04   0.480815E+02   0.459190E+00
   0.134000E+01   0.134000E+01   0.105500E+04   0.105500E+04   0.105425E+04   0.753003E+00   0.720095E-02
   0.440000E+01   0.440000E+01   0.327300E+04   0.327300E+04   0.319684E+04   0.761570E+02   0.575769E+00
   0.346000E+01   0.346000E+01   0.243700E+04   0.243700E+04   0.243574E+04   0.125572E+01   0.104969E-01
   0.347000E+01   0.347000E+01   0.245200E+04   0.245200E+04   0.244338E+04   0.862165E+01   0.719501E-01
   0.109000E+01   0.109000E+01   0.807000E+03   0.807000E+03   0.923985E+03  -0.116985E+03  -0.113558E+01
   0.401000E+01   0.401000E+01   0.293300E+04   0.293300E+04   0.287048E+04   0.625174E+02   0.492856E+00
   0.382000E+01   0.382000E+01   0.265100E+04   0.265100E+04   0.271690E+04  -0.658956E+02  -0.536865E+00
   0.378000E+01   0.378000E+01   0.274900E+04   0.274900E+04   0.268502E+04   0.639828E+02   0.515793E+00
   0.506000E+01   0.506000E+01   0.375400E+04   0.375400E+04   0.378258E+04  -0.285756E+02  -0.203264E+00
   0.505000E+01   0.505000E+01   0.379100E+04   0.379100E+04   0.377339E+04   0.176083E+02   0.124710E+00
   0.493000E+01   0.493000E+01   0.364900E+04   0.364900E+04   0.366392E+04  -0.149211E+02  -0.107554E+00
   0.493000E+01   0.493000E+01   0.363500E+04   0.363500E+04   0.366392E+04  -0.289211E+02  -0.208815E+00
   0.363000E+01   0.363000E+01   0.255900E+04   0.255900E+04   0.256689E+04  -0.789295E+01  -0.650416E-01
   0.360000E+01   0.360000E+01   0.250100E+04   0.250100E+04   0.254354E+04  -0.425380E+02  -0.352812E+00
   0.900000E+00   0.900000E+00   0.755000E+03   0.755000E+03   0.829883E+03  -0.748828E+02  -0.729475E+00
   0.880000E+00   0.880000E+00   0.759000E+03   0.759000E+03   0.820227E+03  -0.612265E+02  -0.596405E+00
   0.101000E+01   0.101000E+01   0.829000E+03   0.829000E+03   0.883843E+03  -0.548428E+02  -0.532059E+00
   0.106000E+01   0.106000E+01   0.785000E+03   0.785000E+03   0.908843E+03  -0.123843E+03  -0.120362E+01
   0.930000E+00   0.930000E+00   0.800000E+03   0.800000E+03   0.844457E+03  -0.444566E+02  -0.432104E+00
   0.198000E+01   0.198000E+01   0.149200E+04   0.149200E+04   0.142015E+04   0.718541E+02   0.663577E+00
   0.198000E+01   0.198000E+01   0.146500E+04   0.146500E+04   0.142015E+04   0.448541E+02   0.415115E+00
   0.199000E+01   0.199000E+01   0.142200E+04   0.142200E+04   0.142623E+04  -0.422503E+01  -0.392296E-01
   0.199000E+01   0.199000E+01   0.146200E+04   0.146200E+04   0.142623E+04   0.357750E+02   0.331144E+00
   0.493000E+01   0.493000E+01   0.365900E+04   0.365900E+04   0.366392E+04  -0.492111E+01  -0.354304E-01
   0.495000E+01   0.495000E+01   0.371600E+04   0.371600E+04   0.368207E+04   0.339284E+02   0.242597E+00
   0.496000E+01   0.496000E+01   0.373100E+04   0.373100E+04   0.369116E+04   0.398390E+02   0.284334E+00
   0.576000E+01   0.576000E+01   0.441400E+04   0.441400E+04   0.444870E+04  -0.346982E+02  -0.227258E+00
   0.410000E+01   0.410000E+01   0.256300E+04   0.256300E+04   0.276981E+04  -0.206810E+03  -0.170039E+01
   0.402000E+01   0.402000E+01   0.250200E+04   0.250200E+04   0.270569E+04  -0.203688E+03  -0.168674E+01
   0.715000E+01   0.715000E+01   0.574500E+04   0.574500E+04   0.566871E+04   0.762873E+02   0.425836E+00
   0.713000E+01   0.713000E+01   0.570700E+04   0.570700E+04   0.564693E+04   0.600735E+02   0.336792E+00
   0.711000E+01   0.711000E+01   0.567300E+04   0.567300E+04   0.562518E+04   0.478242E+02   0.269169E+00
   0.591000E+01   0.591000E+01   0.450700E+04   0.450700E+04   0.438587E+04   0.121133E+03   0.784966E+00
   0.591000E+01   0.591000E+01   0.463000E+04   0.463000E+04   0.438587E+04   0.244133E+03   0.155921E+01
   0.112000E+01   0.112000E+01   0.569000E+03   0.569000E+03   0.933940E+03  -0.364940E+03  -0.357672E+01
   0.113000E+01   0.113000E+01   0.586000E+03   0.586000E+03   0.939033E+03  -0.353033E+03  -0.345777E+01
   0.118000E+01   0.118000E+01   0.604000E+03   0.604000E+03   0.964677E+03  -0.360677E+03  -0.352925E+01
   0.164000E+01   0.164000E+01   0.119700E+04   0.119700E+04   0.121412E+04  -0.171224E+02  -0.161965E+00
   0.173000E+01   0.173000E+01   0.125400E+04   0.125400E+04   0.126574E+04  -0.117366E+02  -0.110523E+00
   0.430000E+01   0.430000E+01   0.325500E+04   0.325500E+04   0.310296E+04   0.152039E+03   0.115270E+01
   0.401000E+01   0.401000E+01   0.297000E+04   0.297000E+04   0.286199E+04   0.108008E+03   0.847954E+00
   0.402000E+01   0.402000E+01   0.297300E+04   0.297300E+04   0.287016E+04   0.102836E+03   0.807018E+00
   0.329000E+01   0.329000E+01   0.237200E+04   0.237200E+04   0.229977E+04   0.722279E+02   0.608703E+00
   0.163000E+01   0.163000E+01   0.113600E+04   0.113600E+04   0.120844E+04  -0.724437E+02  -0.688050E+00
   0.448000E+01   0.448000E+01   0.342100E+04   0.342100E+04   0.325665E+04   0.164350E+03   0.122058E+01
   0.990000E+00   0.990000E+00   0.819000E+03   0.819000E+03   0.868792E+03  -0.497916E+02  -0.483377E+00
   0.340000E+01   0.340000E+01   0.242100E+04   0.242100E+04   0.238229E+04   0.387060E+02   0.324262E+00
   0.340000E+01   0.340000E+01   0.242100E+04   0.242100E+04   0.238229E+04   0.387060E+02   0.324262E+00
   0.461000E+01   0.461000E+01   0.344700E+04   0.344700E+04   0.336959E+04   0.774061E+02   0.572641E+00
   0.464000E+01   0.464000E+01   0.344700E+04   0.344700E+04   0.339589E+04   0.511114E+02   0.378043E+00
   0.543000E+01   0.543000E+01   0.415800E+04   0.415800E+04   0.411908E+04   0.389176E+02   0.263272E+00
   0.154000E+01   0.154000E+01   0.112100E+04   0.112100E+04   0.115784E+04  -0.368421E+02  -0.350458E+00
   0.343000E+01   0.343000E+01   0.246200E+04   0.246200E+04   0.240501E+04   0.569869E+02   0.475231E+00
   0.301000E+01   0.301000E+01   0.212200E+04   0.212200E+04   0.209530E+04   0.267046E+02   0.231348E+00
   0.135000E+01   0.135000E+01   0.110800E+04   0.110800E+04   0.105404E+04   0.539618E+02   0.514355E+00
   0.470000E+00   0.470000E+00   0.538000E+03   0.538000E+03   0.628461E+03  -0.904608E+02  -0.890884E+00
   0.445000E+01   0.445000E+01   0.324800E+04   0.324800E+04   0.323082E+04   0.171826E+02   0.130252E+00
   0.131000E+01   0.131000E+01   0.102100E+04   0.102100E+04   0.103271E+04  -0.117115E+02  -0.112252E+00
   0.768000E+01   0.768000E+01   0.665465E+04   0.665465E+04   0.649221E+04   0.162439E+03   0.392685E+00
   0.930000E+01   0.930000E+01   0.800600E+04   0.800600E+04   0.857285E+04  -0.566854E+03  -0.701354E+00
   0.600000E+00   0.600000E+00   0.532100E+03   0.532100E+03   0.689952E+03  -0.157852E+03  -0.151520E+01
   0.530000E+00   0.530000E+00   0.531970E+03   0.531970E+03   0.658916E+03  -0.126946E+03  -0.121901E+01
   0.600000E+00   0.600000E+00   0.520880E+03   0.520880E+03   0.689952E+03  -0.169072E+03  -0.162511E+01
   0.632000E+01   0.632000E+01   0.499844E+04   0.499844E+04   0.501377E+04  -0.153280E+02  -0.798253E-01
   0.139000E+01   0.139000E+01   0.109107E+04   0.109107E+04   0.108099E+04   0.100824E+02   0.947739E-01
   0.280000E+00   0.280000E+00   0.397010E+03   0.397010E+03   0.553052E+03  -0.156042E+03  -0.153810E+01
   0.280000E+00   0.280000E+00   0.383410E+03   0.383410E+03   0.553052E+03  -0.169642E+03  -0.165730E+01
   0.510000E+00   0.510000E+00   0.508780E+03   0.508780E+03   0.650160E+03  -0.141380E+03  -0.137650E+01
   0.239000E+01   0.239000E+01   0.180352E+04   0.180352E+04   0.167810E+04   0.125422E+03   0.108639E+01
   0.235000E+01   0.235000E+01   0.169312E+04   0.169312E+04   0.165211E+04   0.410069E+02   0.360012E+00
   0.153000E+01   0.153000E+01   0.125138E+04   0.125138E+04   0.115788E+04   0.935044E+02   0.865361E+00
