4.6
4.73
4.63
4.66
4.83
4.73
4.81
4.77
4.58
4.72
4.85
4.55
4.61
5.07
4.53
4.69
4.68
4.68
4.69
4.6
4.61
4.69
4.47
4.61
4.61
4.56
4.64
4.83
4.54
4.74
4.62
4.57
4.55
4.59
4.63
4.8
4.58
4.56
4.56
4.68
4.78
4.67
4.65
4.58
4.66
4.53
4.59
4.65
4.61
4.61
5.23
4.5
4.73
4.56
4.63
4.57
4.68
4.57
4.52
4.59
4.65
4.62
4.55
4.75
4.57
4.69
4.63
4.77
4.65
4.57
4.74
4.73
4.52
4.68
4.9
4.51
4.67
4.62
4.59
4.84
4.6
4.59
4.86
4.49
4.67
4.64
4.59
4.66
4.86
4.83
4.64
4.64
4.73
4.75
4.77
4.59
4.71
4.68
4.62
4.52
4.69
4.81
4.86
4.57
4.75
4.67
4.63
4.54
4.53
4.71
4.79
4.76
4.75
4.7
4.7
4.69
4.55
4.74
4.7
4.95
4.64
4.74
4.6
4.56
4.68
4.7
4.66
4.72
4.8
4.53
4.76
4.53
4.55
4.64
4.58
4.59
4.7
4.65
4.6
4.63
4.61
4.64
4.9
4.95
4.55
4.58
4.64
4.65
4.58
4.63
4.59
4.68
4.72
4.89
4.71
4.8
4.55
4.72
4.54
4.55
4.89
4.61
4.65
4.55
4.6
4.75
4.74
4.56
4.56
4.55
4.79
4.6
4.6
4.63
4.7
4.7
4.84
4.7
4.77
4.54
4.8
4.63
4.57
4.85
4.77
4.64
4.52
4.78
4.73
5
4.73
4.59
4.49
4.57
4.71
4.81
4.53
4.51
4.7
4.71
4.69
4.66
5.05
4.62
4.74
4.57
4.78
4.86
4.69
4.6
4.76
4.54
4.7
4.71
4.58
4.62
4.58
4.66
4.97
4.72
4.56
4.72
4.72
4.57
4.65
4.6
4.7
4.54
4.55
4.7
4.81
4.68
4.71
4.6
4.59
4.56
4.56
4.59
4.7
4.58
4.51
4.92
4.67
4.58
4.91
4.72
4.93
4.57
4.58
4.53
4.57
4.62
4.51
4.68
4.86
4.64
4.69
4.65
4.66
4.57
4.61
4.5
4.73
4.82
4.55
4.72
4.71
4.54
4.57
4.56
5.01
4.55
4.56
4.59
4.63
4.61
4.62
4.67
4.82
4.79
4.56
4.83
4.55
4.59
4.54
4.84
4.82
4.62
5.07
4.58
4.64
4.62
4.69
4.66
4.73
4.69
4.81
4.58
4.85
4.61
4.66
4.64
4.63
4.52
4.65
4.53
4.68
4.73
4.78
4.74
4.65
4.82
4.69
4.62
4.63
4.7
4.53
4.59
4.65
4.58
4.75
4.67
4.55
4.58
4.55
4.74
4.85
4.62
4.71
4.67
4.74
4.91
4.62
4.84
5.02
4.55
4.51
4.59
4.64
4.68
4.64
4.52
4.56
4.57
4.92
5.11
4.53
4.62
4.64
4.63
4.81
4.75
4.58
4.6
4.79
4.54
4.58
4.78
4.66
4.72
4.74
5
4.69
4.51
4.54
4.62
4.86
4.52
4.63
4.9
4.61
4.65
4.72
4.61
4.81
4.73
4.45
4.5
4.66
4.73
5.12
4.62
4.73
4.63
4.67
4.66
4.78
4.53
4.59
4.56
4.59
4.64
4.63
4.72
4.55
4.64
4.49
4.6
4.74
4.61
4.63
4.58
4.72
4.69
4.6
4.57
4.52
4.74
4.72
4.48
4.7
4.62
4.58
4.6
4.73
4.59
4.64
4.78
4.65
4.86
4.64
4.68
4.61
4.58
4.68
4.62
4.95
4.59
4.73
4.78
4.62
4.63
4.58
4.64
4.61
4.74
4.84
4.76
4.87
4.7
4.63
4.62
4.59
4.62
4.65
4.6
4.71
4.55
4.84
4.55
4.72
4.63
4.83
4.69
4.71
4.65
4.62
4.77
4.79
4.65
4.63
4.52
4.56
4.63
4.81
4.8
4.78
4.69
4.64
4.81
4.66
4.63
4.94
4.51
4.63
4.6
4.55
4.65
4.65
4.68
4.68
4.65
4.68
4.77
4.63
4.62
4.68
4.61
4.58
4.65
4.68
4.68
4.62
4.63
4.68
4.55
4.47
4.89
4.66
4.54
