"x"
0.142881
0.153326
0.13971
0.149687
0.164238
0.14631
0.139007
0.155075
0.136138
0.164071
0.132763
0.151877
0.162551
0.128192
0.147102
0.182486
0.136544
0.135356
0.152761
0.156103
0.172847
0.149908
0.160087
0.159209
0.184257
0.153723
0.158299
0.149218
0.152521
0.128999
0.16396
0.160393
0.148511
0.13375
0.123529
0.145819
0.143956
0.1615
0.154968
0.167535
0.139645
0.143824
0.159966
0.127341
0.160814
0.154162
0.160514
0.137777
0.132684
0.140205
0.150329
0.132692
0.136315
0.138204
0.154015
0.137281
0.132245
0.134109
0.161593
0.17536
0.140307
0.147994
0.152056
0.150887
0.154269
0.14462
0.148939
0.141385
0.163438
0.150194
0.156896
0.228019
0.146252
0.158194
0.147422
0.14868
0.149267
0.148765
0.150799
0.163957
0.160259
0.14898
0.150535
0.14044
0.147044
0.170157
0.159735
0.143182
0.151769
0.107781
0.176334
0.144066
0.154376
0.154232
0.151
0.153207
0.147056
0.161593
0.143873
0.172973
0.160867
0.155881
0.153499
0.157036
0.144695
0.16208
0.16664
0.131919
0.114685
0.152156
0.162768
0.15093
0.154359
0.14768
0.144143
0.157015
0.142785
0.182693
0.140866
0.133714
0.126197
0.146191
0.154888
0.132579
0.114708
0.167065
0.151144
0.155866
0.149924
0.151893
0.170754
0.171434
0.14762
0.158423
0.149787
0.135574
0.165991
0.122384
0.152338
0.159563
0.160785
0.144308
0.153974
0.140324
0.161254
0.146315
0.161655
0.160928
0.163213
0.140491
0.158371
0.143779
0.137281
0.151661
0.164551
0.115032
0.158175
0.147986
0.162298
0.144146
0.154853
0.157393
0.151426
0.155149
0.151842
0.160178
0.15962
0.146402
0.1503
0.159811
0.151059
0.149206
0.153451
0.148192
0.143144
0.157701
0.157921
0.154195
0.144921
0.169728
0.170899
0.138378
0.145938
0.145873
0.149797
0.145363
0.137865
0.146861
0.148765
0.164049
0.142539
0.135156
0.135241
0.13171
0.133056
0.147591
0.152543
0.151215
0.167299
0.174917
0.145896
0.142003
0.167781
0.150282
0.16737
0.159172
0.144753
0.151496
0.162372
0.160964
0.150124
0.156038
0.151024
0.13787
0.137298
0.153102
0.153763
0.153323
0.135161
0.141271
0.174587
0.152514
0.157664
0.150092
0.127816
0.170477
0.151221
0.16192
0.149141
0.142327
0.165206
0.142771
0.1482
0.150592
0.157855
0.149855
0.162303
0.14179
0.159782
0.133831
0.158582
0.162354
0.155562
0.144417
0.135426
0.169492
0.159929
0.16854
0.15007
0.166059
0.183048
0.157044
0.144838
0.175985
0.151693
0.174067
0.146947
0.150394
0.156083
0.144081
0.130565
0.156421
0.145856
0.141923
0.148398
0.121843
0.150897
0.15971
0.149422
0.157253
0.14058
0.166831
0.16159
0.163077
0.151555
0.167389
0.167347
0.116727
0.142096
0.149712
0.150039
0.139884
0.13736
0.193299
0.152094
0.15689
0.148541
0.139894
0.155214
0.167284
0.177751
0.138023
0.157331
0.155427
0.136699
0.128269
0.134538
0.147535
0.1323
0.14984
0.15958
0.130291
0.177775
0.126641
0.166954
0.150613
0.147038
0.141521
0.152222
0.125312
0.143627
0.130241
0.149509
0.138761
0.164052
0.136357
0.130726
0.123286
0.151199
0.150444
0.144036
0.142787
0.161523
0.153435
0.156245
0.127593
0.159377
0.135805
0.135028
0.152186
0.148918
0.127282
0.14258
0.136915
0.12316
0.13328
0.175518
0.141643
0.132562
0.152919
0.157893
0.13068
0.160582
0.129898
0.127255
0.155061
0.138989
0.158003
0.170804
0.143408
0.172894
0.179923
0.158714
0.143976
0.147657
0.139504
0.142368
0.159954
0.164895
0.16042
0.131015
0.159986
0.168588
0.155601
0.149559
0.144393
0.145639
0.15828
0.141481
0.156058
0.154264
0.1624
0.184443
0.155495
0.130897
0.144666
0.153117
0.143639
0.149901
0.159152
0.133992
0.131892
0.14787
0.17025
0.137888
0.130852
0.151398
0.133968
0.171114
0.154647
0.15311
0.141973
0.14987
0.136379
0.142642
0.144603
0.164749
0.161016
0.158311
0.159589
0.124813
0.146939
0.144039
0.117219
0.139049
0.162982
0.157561
0.152274
0.166977
0.166546
0.158532
0.172307
0.160979
0.145289
0.140458
0.168484
0.140826
0.155785
0.174163
0.171812
0.14754
0.148181
0.135926
0.164511
0.153108
0.186247
0.145683
0.144788
0.149638
0.151315
0.128552
0.158841
0.143546
0.147108
0.134347
0.166581
0.139463
0.154289
0.150651
0.167988
0.149396
0.146408
0.163624
0.173686
0.136924
0.135244
0.136621
0.149783
0.151089
0.131173
0.144438
0.137526
0.153817
0.160182
0.167676
0.146898
0.137039
0.145102
0.156035
0.143893
0.145553
0.141818
0.165654
0.151837
0.125547
0.149327
0.135972
0.15235
0.153582
0.162989
0.141648
0.13943
0.156109
0.168272
0.174416
0.155799
0.168618
0.154014
0.185103
0.134353
0.168082
0.132071
0.148933
0.144069
0.155275
0.139772
0.128156
0.13739
0.15379
0.174954
0.149339
0.154256
0.136747
0.143302
0.144913
0.123487
0.151694
0.147183
0.133249
0.161546
