"x"
0.087313
0.0683849
0.0977279
0.0580294
0.0705854
0.109195
0.0874695
0.0613339
0.0431023
0.0424998
0.072143
0.0785951
0.0724788
0.07933
0.0986782
0.0967706
0.0425006
0.0903812
0.0610346
0.0639587
0.0601998
0.0947267
0.0612207
0.0894076
0.0737708
0.0547011
0.0781674
0.0658534
0.108428
0.0928124
0.0862835
0.0647977
0.100227
0.0412256
0.0745828
0.0849232
0.0596159
0.098136
0.0787249
0.0866508
0.0581366
0.0640946
0.0836815
0.0684274
0.0671488
0.0532873
0.0780882
0.0596773
0.0916076
0.0911989
0.0856645
0.0654318
0.0555838
0.0473683
0.103157
0.0740661
0.0559094
0.0671826
0.092744
0.075511
0.0483093
0.081934
0.0805775
0.0811512
0.0940421
0.0947309
0.0784665
0.0694182
0.0826616
0.0739883
0.0488524
0.110212
0.0574375
0.066726
0.0764779
0.0655274
0.0757219
0.0738608
0.0666289
0.0999411
0.0841327
0.0792969
0.0609181
0.0653931
0.0959685
0.0797368
0.0743827
0.100738
0.0678468
0.0602319
0.06563
0.0851718
0.102297
0.0857559
0.0745089
0.0818046
0.060123
0.0819195
0.0534142
0.117223
0.0727048
0.103152
0.0789615
0.0947659
0.100251
0.105071
0.0906468
0.0915153
0.0430876
0.108921
0.0871783
0.100162
0.0509993
0.0635737
0.0779025
0.0483315
0.0542419
0.0865333
0.0838516
0.0795324
0.0532877
0.0801613
0.0503366
0.0588509
0.0659578
0.0980256
0.0728843
0.0945446
0.0627522
0.0687123
0.0544601
0.0954117
0.0781812
0.0962936
0.0692851
0.0688171
0.0800274
0.0568214
0.0668143
0.0826803
0.0881583
0.0855544
0.0781321
0.0960817
0.0846841
0.0453751
0.0916616
0.0507937
0.0734071
0.0558876
0.0464287
0.0699471
0.0727928
0.0705511
0.108484
0.0436039
0.0932569
0.0803773
0.0692417
0.0258965
0.0975178
0.0695156
0.0486949
0.0794476
0.0543364
0.0670284
0.101837
0.0618455
0.070428
0.100969
0.0743973
0.060223
0.0731694
0.0700852
0.054836
0.0409843
0.0652439
0.0799428
0.0818876
0.0799167
0.0862401
0.0556633
0.0614186
0.0837951
0.0814616
0.0653848
0.055076
0.054436
0.078963
0.0964069
0.0677456
0.0458277
0.0587764
0.0623571
0.0855898
0.0582301
0.094361
0.0610019
0.103137
0.0767664
0.0430977
0.0754409
0.0929598
0.0974858
0.0698171
0.0777907
0.0908868
0.0915743
0.100668
0.0870777
0.0832388
0.094169
0.087003
0.072391
0.060284
0.0766912
0.0870093
0.0775413
0.0533799
0.0646685
0.087541
0.101443
0.0977241
0.093704
0.0632722
0.0924313
0.077816
0.0760868
0.0683121
0.0769464
0.0622942
0.0235533
0.0776717
0.0476859
0.0580442
0.086412
0.0982671
0.0594674
0.0881653
0.0691054
0.117123
0.0965481
0.0664791
0.0587501
0.061656
0.0686764
0.0623904
0.0665188
0.0578364
0.0887828
0.0969938
0.0675743
0.0761125
0.117162
0.0727179
0.0769378
0.0915918
0.0910718
0.100011
0.0844345
0.0754991
0.0971663
0.092672
0.0787851
0.0758573
0.064435
0.0739893
0.0766225
0.0888715
0.0680033
0.0649106
0.0699093
0.0843576
0.0540254
0.0760475
0.0548082
0.0637075
0.0471347
0.0731717
0.11191
0.0853521
0.0888958
0.052486
0.107753
0.0757894
0.0764847
0.0707833
0.0402486
0.0866111
0.0804487
0.0467707
0.0965097
0.0624271
0.051357
0.0647812
0.0562253
0.0651834
0.0749802
0.0882589
0.0948732
0.0588329
0.0922078
0.0610394
0.0623869
0.0996657
0.055424
0.0980574
0.00973397
0.0868539
0.0434468
0.0674695
0.104005
0.0682953
0.105862
0.109347
0.0759852
0.0738674
0.0896175
0.0629496
0.0640115
0.0935718
0.0755674
0.104963
0.0984967
0.0917746
0.0609927
0.0868032
0.0833924
0.100154
0.106072
0.0829094
0.0635781
0.0798608
0.0969626
0.0845049
0.0754538
0.10614
0.098074
0.0683119
0.0751289
0.105923
0.0858513
0.12552
0.0791736
0.0792921
0.107376
0.0719841
0.0916967
0.0821642
0.0674412
0.085014
0.0823705
0.0730831
0.0696901
0.0859324
0.0786781
0.061189
0.0630126
0.0806965
0.0566266
0.0774346
0.10636
0.102917
0.0550322
0.0820743
0.0583204
0.0731375
0.086907
0.0833826
0.082438
0.0410959
0.071246
0.0801986
0.0767409
0.0748362
0.0765407
0.0864896
0.077346
0.057864
0.0781976
0.0829272
0.0766948
0.0675875
0.0353821
0.045739
0.0535225
0.0778859
0.0447081
0.0965905
0.0663302
0.0900019
0.0752066
0.0849861
0.0655683
0.059767
0.0847694
0.084116
0.0924636
0.0949951
0.0750852
0.0414472
0.0727422
0.0424065
0.0538631
0.0733962
0.0745764
0.0866216
0.0913468
0.0864622
0.0817521
0.106753
0.089996
0.0682119
0.101072
0.0930942
0.0533304
0.0793588
0.110405
0.0574153
0.107825
0.10767
0.0613053
0.0811381
0.0832213
0.0542247
0.115846
0.0662196
0.0601483
0.0813067
0.0912033
0.0727457
0.0715067
0.0488375
0.0558316
0.0443838
0.0776333
0.0490849
0.0785386
0.0786788
0.0821948
0.0557658
0.0930017
0.0960415
0.0874684
0.110621
0.0802305
0.0262874
0.0761177
0.093954
0.0609448
0.0579509
0.0745124
0.0660581
0.0721593
0.0863117
0.0866585
0.0905148
0.081125
0.0449812
0.0966018
0.0862195
0.092058
0.0856679
0.0761003
0.0364506
0.0785307
0.0888872
0.0676026
0.0503454
0.0652086
0.10723
0.0704573
0.0998508
0.0964132
0.104252
0.0890538
0.0963596
0.0980276
0.0933961
0.0564343
0.0921499
0.0502571
0.0614555
0.0728216
0.0630285
0.0867947
0.0720784
0.0822699
0.0899673
0.057692
0.0724423
0.0708398
0.0727118
0.0919216
0.0666974
0.0393388
0.078421
0.0838386
0.0850671
0.0544118
