1921 2172.87 2026.65 2502.77 1937.52 2476.24 1936.68 2480.92 0.0024390243902439 1.00244498777506
1884 2994.9 2836.24 3385.7 2666.22 3389.27 2664.02 3385.75 0.00731707317073171 1.00737100737101
1881 3078.55 2877.21 3430.06 2734.39 3484.4 2730.9 3458.92 0.0121951219512195 1.01234567901235
1975 3330.45 3233.7 3441.47 2810.47 3593.89 2817.99 3681.14 0.0170731707317073 1.01736972704715
1871 3373.17 3199.85 3784.42 3011.96 3824.19 3007.89 3823.88 0.0219512195121951 1.02244389027431
1929 3391.2 3237.95 3862.97 3095.86 3775.14 3095.52 3775.17 0.0268292682926829 1.02756892230576
1874 3398.26 3230.2 3817.75 3049.44 3844.99 3047.29 3846.48 0.0317073170731707 1.03274559193955
1869 3499.45 3323.23 3943.95 3131.01 3957.51 3140.68 3962.08 0.0365853658536585 1.0379746835443
1880 3738.43 3550.53 4223.44 3352.98 4212.91 3345.83 4229.73 0.0414634146341463 1.04325699745547
1861 3784.42 3595.18 4230 3397.21 4224.71 3388.15 4222.34 0.0463414634146341 1.04859335038363
1850 3796.12 3615.66 4250.86 3555.18 4447.21 3550.49 4436.44 0.0512195121951219 1.05398457583548
1974 3852.46 3743.17 3959.62 3292.72 4115.03 3337.73 4183.31 0.0560975609756098 1.0594315245478
1832 3920.95 3517.22 5920.39 2767.67 5983.56 2768.29 5991.71 0.0609756097560976 1.06493506493507
1822 3927.52 3504.73 5826 2790.61 5634.15 2788.54 5649.35 0.0658536585365854 1.07049608355091
2007 3968.07 3863.98 4081.4 3845.24 4099.28 3734.56 4217.32 0.0707317073170732 1.0761154855643
1967 4175.71 3995.22 4596.81 4002.33 4685.01 3989.08 4679.24 0.075609756097561 1.08179419525066
1875 4188.6 4011.27 4632.28 3770.37 4705.67 3756.61 4702.8 0.0804878048780488 1.08753315649867
2005 4208.54 4091.71 4309.29 4046.53 4335.53 3961.51 4465.03 0.0853658536585366 1.09333333333333
1837 4289.89 3848.99 6649.05 3028.86 6443.45 3039.7 6442.97 0.0902439024390244 1.09919571045576
1858 4327.26 4106.35 4886.41 3914.94 4902.01 3911.22 4928.39 0.0951219512195122 1.10512129380054
2020 4359.45 4238.57 4480.7 4224.26 4578.33 4098.27 4645.38 0.1 1.11111111111111
1998 4396.23 4285.44 4509.23 4278.53 4508.23 4154.21 4629.33 0.104878048780488 1.11716621253406
2015 4422.88 4296.01 4541.49 4284.68 4559.8 4157.27 4670.29 0.109756097560976 1.12328767123288
1908 4433.05 4225.94 4955.62 4099.63 4961.87 4095.38 4935.07 0.114634146341463 1.12947658402204
1962 4478 4283.53 4966.09 4237.34 4958.75 4237.27 4952.8 0.119512195121951 1.13573407202216
1860 4567.42 4355.22 5169.25 4141.22 5133.21 4138.06 5131.93 0.124390243902439 1.14206128133705
1985 4575.73 4464.38 4696.85 4449.48 4711.26 4335.96 4829.12 0.129268292682927 1.1484593837535
1980 4580.86 4462.68 4707.94 4464.51 4719.44 4351.33 4841.98 0.134146341463415 1.15492957746479
1862 4581.72 4397.32 5094.16 4153.16 5148.27 4153.51 5158.62 0.139024390243902 1.1614730878187
2017 4598.05 4490.48 4715.11 4466.11 4813.08 4383.23 4945.28 0.14390243902439 1.16809116809117
1828 4602.89 4127.03 6615.89 3318.86 6250.82 3309.73 6307.93 0.148780487804878 1.17478510028653
1876 4624.73 4425.47 5087.82 4178.5 5108.14 4179.28 5112.25 0.153658536585366 1.18155619596542
1961 4633.48 4436.01 5151.44 4401.04 5125.81 4401.88 5128.47 0.158536585365854 1.18840579710145
1911 4657.87 4445.96 5132.19 4268.46 5125.01 4267.12 5149.79 0.163414634146341 1.19533527696793
1946 4714.03 4479.15 5206.56 4239.72 5292.69 4214.39 5311.4 0.168292682926829 1.20234604105572
1920 4758.25 4544.31 5282.04 4364.97 5284.26 4368.75 5286.28 0.173170731707317 1.2094395280236
1968 4760 NA NA NA NA 3827.06 5692.94 0.178048780487805 1.21661721068249
1857 4769.35 4538.88 5244.79 4317.73 5302.14 4309.68 5318.37 0.182926829268293 1.22388059701493
1870 4769.35 4581.72 5259.96 4335.58 5310.7 4345.59 5308.74 0.18780487804878 1.23123123123123
1854 4786.03 4585.61 5349.58 4451.35 5481.99 4454.22 5475.09 0.192682926829268 1.23867069486405
1894 4787.96 4573.56 5343.06 4445.81 5273.46 4450.98 5265.85 0.197560975609756 1.24620060790274
1859 4798.5 4639.11 4945.39 4414.32 5122.58 4406.2 5122.7 0.202439024390244 1.25382262996942
1867 4798.5 4610.38 5336.07 4347.35 5392.96 4350.28 5398.64 0.207317073170732 1.26153846153846
1866 4871.71 4667.92 5428 4447.51 5426 4446.01 5428.24 0.21219512195122 1.26934984520124
1934 4888.68 4664.65 5411.27 4525.56 5415.21 4523.43 5423.15 0.217073170731707 1.27725856697819
1893 4889.48 4665.58 5426.26 4555.83 5367.87 4556.92 5380.08 0.221951219512195 1.28526645768025
1912 4903.27 4715.11 5532.98 4530.42 5536.23 4537.94 5538.9 0.226829268292683 1.29337539432177
1909 4918.66 4722.83 5464.82 4600.14 5406.26 4586.13 5426.38 0.231707317073171 1.3015873015873
1938 4931.77 4699.67 5379.99 4469.83 5512.56 4480.36 5510.91 0.236585365853659 1.30990415335463
1905 4933.28 4722.83 5388.58 4570.58 5338.6 4565.81 5335.66 0.241463414634146 1.31832797427653
1831 4984.14 4462.21 7295.99 3713.38 7042.59 3711.97 7042.69 0.246341463414634 1.32686084142395
1835 4991.46 4497.45 7106.21 3647.97 6945.95 3633.68 6949.58 0.251219512195122 1.33550488599349
1969 4995 NA NA NA NA 4016 5974 0.25609756097561 1.34426229508197
1952 5023.3 4804.64 5534.65 4700.6 5556.83 4702.04 5559 0.260975609756098 1.35313531353135
1833 5057.58 4497.45 7206.27 3667.84 6884.98 3677.44 6930.15 0.265853658536585 1.36212624584718
1885 5064.26 4915.86 5214.52 4651.13 5417.37 4632.35 5408.11 0.270731707317073 1.37123745819398
1965 5073.48 4897.76 5555.36 4846.32 5566.25 4837.99 5575.81 0.275609756097561 1.38047138047138
1973 5078.41 4934.7 5195.35 4455.28 5384.47 4410.95 5442.15 0.280487804878049 1.38983050847458
1991 5079.29 4954.27 5188.87 4947.44 5208.44 4853.73 5328.39 0.285365853658537 1.39931740614334
1878 5109.14 4901.13 5684.62 4661.32 5677.74 4652.78 5662.5 0.290243902439024 1.40893470790378
1865 5154.19 5019.54 5290.35 4752.64 5499.2 4748.12 5497.73 0.295121951219512 1.41868512110727
1851 5228.08 5004.93 5672.19 4889.64 5910.62 4887.94 5916.14 0.3 1.42857142857143
1939 5243.76 5079.3 5379.99 4741.15 5698.05 4739.89 5702.86 0.304878048780488 1.43859649122807
2012 5247.76 5120.83 5375.51 5086.6 5402.09 4999.99 5498.95 0.309756097560976 1.44876325088339
1849 5273.22 5064.02 5788.97 4970.6 5992.57 4952.9 5989.63 0.314634146341463 1.45907473309609
1989 5275.42 5155.21 5399.62 5138.76 5399.08 5026.76 5534.16 0.319512195121951 1.46953405017921
1990 5297.61 5185.1 5410.95 5184.39 5441.87 5077.09 5530.45 0.324390243902439 1.48014440433213
1953 5306.39 5156.55 5458.1 5086.16 5631.88 5071.41 5650.2 0.329268292682927 1.49090909090909
1883 5320.81 5176.41 5466.89 4904.51 5666.52 4884.52 5673.31 0.334146341463415 1.5018315018315
1966 5327.09 5192.15 5478.81 5124.97 5558.67 5118.18 5560.82 0.339024390243902 1.51291512915129
1945 5334.42 5160.87 5479.71 4812.9 5776.92 4820.28 5783.4 0.34390243902439 1.52416356877323
1949 5379.99 5258.82 5533.13 4915.7 5875.38 4919.78 5864.08 0.348780487804878 1.53558052434457
1887 5380.6 5169.75 5892.78 4953.24 5918.6 4939.76 5909.77 0.353658536585366 1.54716981132075
1915 5441.01 5214 6066.64 5022.96 6027.16 5022.89 6005.25 0.358536585365854 1.55893536121673
1845 5455.44 5318.52 5624.82 5152.48 6011.61 5149.06 6014.69 0.363414634146341 1.57088122605364
2006 5457.11 5329.57 5592.16 5310.47 5608.04 5214.95 5745.19 0.368292682926829 1.58301158301158
1956 5460.78 5315.91 5599.22 5233.85 5647.78 5221.7 5653.02 0.373170731707317 1.59533073929961
1817 5462.3 4998.79 7634.52 4109.85 7595.05 4128.23 7601.24 0.378048780487805 1.6078431372549
1971 5477.34 5340.38 5610.64 4829.93 5793.13 4851.61 5872.63 0.382926829268293 1.62055335968379
1838 5477.56 4932.65 7623.45 4092.94 7407.82 4099.63 7419.7 0.38780487804878 1.63346613545817
1984 5479.67 5347.52 5602.44 5344.33 5610.76 5232.8 5749.48 0.392682926829268 1.64658634538153
1970 5510 NA NA NA NA 4430.06 6589.94 0.397560975609756 1.65991902834008
1942 5579.43 5425.74 5734.96 5108.43 6064.02 5103.66 6069.07 0.402439024390244 1.6734693877551
1904 5579.66 5365.42 6091.28 5197.5 6104.51 5212.2 6107.66 0.407317073170732 1.68724279835391
1922 5594.67 5441.01 5734.54 5207.42 5832.67 5207.47 5846.55 0.412195121951219 1.70124481327801
1927 5594.67 5432.99 5750.17 5211.19 5841.91 5209.93 5845.71 0.417073170731707 1.71548117154812
1826 5615.66 5101.87 7703.23 4215.12 7600.81 4211.77 7597.74 0.421951219512195 1.72995780590717
1992 5664.72 5523.32 5792.36 5508.15 5812.98 5390.09 5924.36 0.426829268292683 1.74468085106383
2004 5671.45 5548.93 5794.06 5439.31 6063.23 5371.22 6135.27 0.431707317073171 1.75965665236051
1943 5672.53 5502.36 5813.41 5206.22 6134.69 5179.53 6123.55 0.436585365853659 1.77489177489177
1879 5676.39 5520.6 5833.99 5244.7 6053.49 5238.77 6055.5 0.441463414634146 1.79039301310044
1895 5688.14 5479.36 6163.17 5300.45 6135.13 5306.55 6134.14 0.446341463414634 1.80616740088106
1947 5703.71 5533.13 5860.7 5216.35 6177.29 5219.68 6196.34 0.451219512195122 1.82222222222222
1877 5707.76 5551.61 5874.08 5267.02 6073.31 5263.23 6079.04 0.45609756097561 1.83856502242152
1818 5708.55 5205.88 8040.33 4330 7641.25 4343.48 7684.09 0.460975609756098 1.8552036199095
1868 5739.21 5598.26 5881.63 5285.87 6088.46 5271.63 6079.72 0.465853658536585 1.87214611872146
1852 5780.73 5624.82 5954.35 5463.29 6344.53 5457.63 6347.79 0.470731707317073 1.88940092165899
1916 5812.88 5656.65 5963.39 5414.67 6061.86 5407.95 6071.65 0.475609756097561 1.90697674418605
1950 5813.41 5656.97 5971.68 5316.66 6292.53 5326.51 6294.68 0.480487804878049 1.92488262910798
1863 5833.99 5676.39 6025.51 5346.96 6172.24 5331.54 6193.62 0.485365853658537 1.94312796208531
1972 5922.16 5792.89 6075.18 5277.11 6274.35 5233.06 6331.22 0.490243902439024 1.96172248803828
1844 5978.19 5812.14 6146.24 5593.27 6561.01 5600.47 6561.1 0.495121951219512 1.98067632850242
1957 5991.55 5840.73 6160.13 5769.05 6203.53 5759.94 6202.16 0.5 2
1897 6003.01 5781.83 6538.35 5591.46 6497.18 5582.58 6517.44 0.504878048780488 2.01970443349754
1981 6047.34 5912.28 6191.38 5911.81 6205.51 5774.16 6306.99 0.509756097560976 2.03980099502488
1898 6050.87 5876.19 6227.74 5719.03 6286.98 5708.91 6287.89 0.514634146341463 2.06030150753769
1964 6056.2 5913.45 6216.54 5822.21 6301.7 5802.2 6307.75 0.519512195121951 2.08121827411168
1899 6082.87 5923.61 6243.93 5695.04 6321.21 5700.02 6343.99 0.524390243902439 2.1025641025641
1918 6098.69 5923.33 6260 5689.96 6351.28 5692.19 6351.95 0.529268292682927 2.12435233160622
1892 6114.94 5946.99 6284.89 5762.71 6366.09 5757.4 6377.67 0.534146341463415 2.14659685863874
1873 6122.24 5961.38 6317.62 5609.73 6521.48 5610.42 6517.3 0.539024390243902 2.16931216931217
2018 6130.72 5990.28 6262.2 5973.38 6382.6 5900.43 6473.49 0.54390243902439 2.19251336898396
1999 6157.84 6019.07 6284.72 6006.78 6298.68 5912.83 6429.19 0.548780487804878 2.21621621621622
1932 6179.12 6018.71 6325.03 5775.19 6444.67 5767.64 6446.71 0.553658536585366 2.24043715846995
1940 6180.13 6019.51 6342.54 5653.64 6687.61 5672.05 6699.08 0.558536585365854 2.26519337016575
2010 6194.87 6047.72 6315.89 6026.99 6338.21 5948.19 6440.79 0.563414634146341 2.29050279329609
1931 6195.26 6034.67 6341.33 5773.15 6452.35 5759.9 6453.88 0.568292682926829 2.31638418079096
1819 6279.76 5731.5 8553.29 4706.28 8485.31 4707.71 8482.18 0.573170731707317 2.34285714285714
1847 6308.14 6146.24 6455.37 5943.78 6848.98 5931.25 6860.78 0.578048780487805 2.36994219653179
1913 6325.03 6163 6488.85 5887.68 6615.13 5865.09 6604.77 0.582926829268293 2.39766081871345
1820 6344.68 5739.67 9145.64 4877.34 9039.62 4861.99 9010.81 0.58780487804878 2.42603550295858
1987 6388.9 6243.72 6529.4 6238.18 6559.22 6124.18 6675.42 0.592682926829268 2.45508982035928
1906 6390.42 6235.43 6554.88 6008.81 6680.03 6006.63 6667.25 0.597560975609756 2.48484848484848
1830 6393.55 5849.14 8700.57 4879.25 8602.09 4867.44 8612.54 0.602439024390244 2.51533742331288
1925 6505.33 6341.33 6654.45 6079.78 6769.34 6079.91 6761.3 0.607317073170732 2.54658385093168
1930 6521.83 6357.65 6687.78 6109.11 6805.67 6089.44 6812.95 0.61219512195122 2.57861635220126
1959 6543.26 6378.85 6709.45 6280.77 6759.54 6267.38 6780.67 0.617073170731707 2.61146496815287
1853 6554.33 6389.76 6703.96 6181.16 7101.91 6195.42 7093.28 0.621951219512195 2.64516129032258
1941 6556.35 6391.62 6722.85 6028.21 7055.7 6041.33 7051.73 0.626829268292683 2.6797385620915
1979 6575.85 6447.2 6716.36 6424.78 6751.63 6309.04 6867.93 0.631707317073171 2.71523178807947
2009 6588.39 6446.12 6727.74 6407.81 6826.98 6338.22 6944.35 0.636585365853659 2.75167785234899
1902 6596.28 6439.57 6754.58 6208.4 6861.66 6206.88 6850.91 0.641463414634146 2.7891156462585
1983 6596.55 6461.29 6731.34 6455.72 6752.89 6345.04 6858.74 0.646341463414634 2.82758620689655
1986 6667.69 6536.03 6809.75 6511.68 6826.21 6423.77 6949.74 0.651219512195122 2.86713286713287
1988 6685.07 6528.53 6823.91 6521.97 6866.96 6421.48 6957.35 0.65609756097561 2.90780141843972
1903 6704.41 6538.35 6872.24 6331.55 6992.28 6306.22 7018.7 0.660975609756098 2.94964028776978
1937 6706.12 6539.79 6874.2 6145.62 7218.46 6144.18 7218.72 0.665853658536585 2.99270072992701
1995 6730.87 6593.18 6878.21 6588.53 6886.8 6424.27 7002.52 0.670731707317073 3.03703703703704
1848 6737.41 6570.89 6905.69 6374.07 7320.57 6363.58 7328.86 0.675609756097561 3.08270676691729
1855 6737.41 6570.89 6905.69 6352.96 7313.31 6338.77 7311.39 0.680487804878049 3.12977099236641
1834 6773.59 6263.58 9440.39 5223.58 9448.23 5234.89 9448.19 0.685365853658537 3.17829457364341
2001 6789.41 6667.16 6932.49 6657.29 6957.71 6490.79 7065.35 0.690243902439024 3.22834645669291
1821 6807.08 6247.41 8990.33 5285.17 9069.4 5287.28 9080.03 0.695121951219512 3.28
1864 6817.23 6648.94 6987.27 6282.51 7250.6 6270.95 7258.97 0.7 3.33333333333333
1842 6821.33 6653.93 6999.42 6407.81 7450.28 6418.09 7443.81 0.704878048780488 3.38842975206612
1901 6855.38 6687.73 7024.78 6475.94 7139.54 6456.4 7157.28 0.709756097560976 3.4453781512605
2008 6943.39 6807.43 7118.32 6785.07 7185.34 6699.62 7323.83 0.714634146341463 3.5042735042735
1823 6958.65 6393.55 8952.65 5421.64 9059.37 5431.12 9047.8 0.719512195121951 3.56521739130435
2000 7076.75 6924.91 7228.68 6904.81 7244.38 6802.31 7386.49 0.724390243902439 3.6283185840708
2013 7138.7 6987.76 7282.97 6960.45 7312.94 6844.47 7438.64 0.729268292682927 3.69369369369369
1948 7146.78 6958.9 7319.4 6612.6 7687.59 6595.4 7688.23 0.734146341463415 3.76146788990826
1824 7162.96 6532.49 9457.65 5478.4 9428.37 5479.52 9439.59 0.739024390243902 3.83177570093458
1923 7213.4 7024.96 7369.13 6769.38 7519.3 6751.14 7517.52 0.74390243902439 3.9047619047619
2019 7216.6 7064.01 7364.64 7049 7495.68 6949.54 7610.52 0.748780487804878 3.98058252427184
2011 7216.84 7077.52 7362.39 7036.64 7395.7 6907.13 7485.35 0.753658536585366 4.05940594059406
1944 7267.43 7112.47 7441.26 6696.22 7771.33 6687.21 7768.59 0.758536585365854 4.14141414141414
1816 7300.56 6648.22 9924.48 5691.74 9999.97 5684.07 10009.05 0.763414634146341 4.22680412371134
1829 7369.78 6790.32 10053.03 5700.65 9914.61 5701.91 9917.88 0.768292682926829 4.31578947368421
1978 7370.94 7209.94 7528.79 7174.12 7557.63 7072.08 7687.46 0.773170731707317 4.40860215053763
1928 7473.73 7299.74 7649.43 7010.66 7817.03 7012.23 7810.83 0.778048780487805 4.50549450549451
1933 7508.73 7334.4 7667.1 6984.34 7796.83 6977.67 7815.13 0.782926829268293 4.60674157303371
2014 7510.52 7361.92 7657.63 7320.45 7696.59 7202.4 7786.12 0.787804878048781 4.71264367816092
1890 7525.88 7359.7 7711.34 7072.16 7857.89 7047.35 7862.02 0.792682926829268 4.82352941176471
1914 7543.8 7369.13 7720.2 7052.01 7855.64 7048.26 7848.74 0.797560975609756 4.93975903614458
1982 7556.13 7406.92 7718.84 7387.17 7746.56 7290.84 7882.55 0.802439024390244 5.06172839506173
1954 7577.42 7393.52 7745.5 7248.49 7986.54 7238.04 7988.31 0.807317073170732 5.18987341772152
1839 7596.65 7026.48 9894.53 5989.77 9986.9 5960.28 9974.1 0.81219512195122 5.32467532467533
1926 7614.16 7438.79 7791.23 7130.91 7930.25 7148.02 7943.63 0.817073170731707 5.46666666666667
1977 7615.02 7450.92 7785.78 7433.85 7798.08 7309.59 7922.35 0.821951219512195 5.61643835616438
1882 7649.18 7472.59 7827.46 7099.55 8093.82 7100.77 8093 0.826829268292683 5.77464788732394
1955 7683.12 7507.31 7860.64 7340.95 8116.94 7333.13 8116.35 0.831707317073171 5.94202898550725
1846 7737.66 7543.49 7889.56 7289.71 8340.73 7298.15 8362.26 0.836585365853659 6.11940298507463
1997 7788.71 7640.15 7940.98 7611.4 7954.92 7499.86 8089.93 0.841463414634146 6.30769230769231
1963 7814.4 7637.09 7975.43 7477.45 8080.7 7466.46 8104.63 0.846341463414634 6.50793650793651
1924 7826.85 7649.43 7987.98 7331.63 8134.27 7333.1 8153.79 0.851219512195122 6.72131147540984
1917 7934.12 7755.68 8132.36 7483.54 8259.07 7490.57 8272.08 0.85609756097561 6.94915254237288
1872 8061.77 7899.25 8243.94 7479.22 8528.3 7476.87 8543.14 0.860975609756098 7.19298245614035
1891 8113.67 7933.6 8313.71 7634.57 8459.27 7631.32 8456.28 0.865853658536585 7.45454545454545
1958 8228.65 8029.41 8421.19 7855.56 8536.64 7852.46 8547.01 0.870731707317073 7.73584905660377
1936 8281.15 8107.92 8446.24 7673.33 8890.69 7676.18 8918.9 0.875609756097561 8.03921568627451
1825 8303.71 7710.73 11173.33 6695.52 10862.02 6677.06 10849.23 0.880487804878049 8.36734693877551
1960 8310.74 8155.96 8503.62 7975.74 8628.05 7969.67 8620.84 0.885365853658537 8.72340425531915
1888 8350.29 8168.03 8534.24 7884.2 8707.17 7866.22 8726.11 0.890243902439024 9.11111111111111
1976 8365.99 8196.83 8543.39 8149.21 8554.55 8071.11 8661.95 0.895121951219512 9.53488372093023
1919 8369.28 8186.79 8553.46 7863.73 8699.29 7862.36 8713.38 0.9 10
1843 8424.24 8241.2 8608.95 7948.84 9128.53 7957.54 9133.95 0.904878048780488 10.5128205128205
1836 8551.41 7951.33 11694.1 6890.94 11629.41 6895.36 11675.95 0.909756097560976 11.0810810810811
1996 8570.5 8411.62 8753.24 8362.7 8759.07 8264.4 8855.42 0.914634146341463 11.7142857142857
2016 8674.47 8500.39 8841.73 8454.93 8849.44 8385.88 8989.14 0.919512195121951 12.4242424242424
1827 8811.5 8276.37 12130.12 7070.38 12512.99 7081.23 12504.36 0.924390243902439 13.2258064516129
1841 8964.49 7161.4 10709.42 7227.72 10949.99 7203.45 10948.68 0.929268292682927 14.1379310344828
1993 9108.15 8923.82 9287.7 8872.37 9294.29 8751.65 9410.94 0.934146341463415 15.1851851851852
1889 9115.05 8925.95 9286.64 8598.15 9495.94 8573.01 9481.37 0.939024390243902 16.4
1907 9153.07 8963.64 9324.95 8642 9501.87 8623.19 9507.34 0.94390243902439 17.8260869565217
1886 9294.77 9103.34 9487.84 8638.51 9806.17 8634.52 9841.61 0.948780487804878 19.5238095238095
1896 9459.56 9267.51 9672.7 8922.71 9859.38 8895.53 9850.5 0.953658536585366 21.578947368421
1910 9498.17 9305.79 9692.18 8981.94 9899.62 8962.34 9917.44 0.958536585365854 24.1176470588235
1900 9614.38 9421.02 9809.36 9074.79 9999.59 9054.33 10024.15 0.963414634146341 27.3333333333333
2002 9812.09 9622.8 9996.36 9554.57 9996.6 9449.5 10117.36 0.968292682926829 31.5384615384615
1951 9834.81 9620 10031.8 9140.07 10488.76 9117.04 10508.83 0.973170731707317 37.2727272727272
1994 9981.91 9765.44 10188.64 9687.91 10199.53 9595.43 10273.45 0.978048780487805 45.5555555555555
1935 10046.67 9849.69 10225.3 9438.34 10502.84 9431.46 10531.7 0.982926829268293 58.5714285714285
2003 11533.69 11300.39 11757.27 11208.34 11791.07 11133.93 11857.28 0.98780487804878 81.9999999999999
1840 12610.58 10616.64 14722.04 10778.52 14948.83 10818.92 14939.18 0.992682926829268 136.666666666667
1856 12686.7 11795.82 13502.7 11640.69 13995.86 11667.89 13956.12 0.997560975609756 410
