"Pr" "Mp" "Qhyd_2" "Qhyd_9" "Qtot_2" "Qtot_9" "start"
100 11717.024 11107.937 13049.232 10482.014 15485.983 1816
1000 14791.593 13859.403 17277.858 12446.17 23663.565 1816
100 11322.107 11193.784 13093.131 10482.543 15483.935 1817
1000 14249.219 13942.791 17255.516 12456.764 23697.926 1817
100 12579.077 11163.95 13091.378 10475.819 15443.204 1818
1000 16047.821 13889.192 17262.585 12426.933 23514.243 1818
100 11677.875 11237.219 13129.096 10550.709 15515.44 1819
1000 14788.811 13981.994 17282.324 12475.819 23480.924 1819
100 11623.533 11167.962 13022.886 10546.704 15534.387 1820
1000 14640.462 13845.569 17216.228 12501.763 23773.185 1820
100 11392.585 11044.646 12860.382 10499.744 14996.637 1821
1000 14100.097 13428.583 16343.169 12257.088 21535.972 1821
100 11661.607 11030.256 12940.109 10515.353 15040.844 1822
1000 14468.146 13436.45 16739.783 12312.092 21726.274 1822
100 12117.629 11062.701 12825.397 10497.61 14923.303 1823
1000 14807.178 13448.948 16397.908 12266.797 21292.438 1823
100 12704.314 11083.147 12864.612 10509.761 14927.125 1824
1000 16239.199 13436.793 16350.614 12259.812 21292.398 1824
100 11450.161 10932.874 12761.808 10477.633 14842.37 1825
1000 13986.491 13211.468 16241.882 12228.676 21145.459 1825
100 11530.414 11066.71 12759.449 10491.715 14795.84 1826
1000 14009.573 13437.891 16357.147 12231.004 20994.582 1826
100 11552.365 11037.404 12738.17 10485.019 14802.608 1827
1000 14384.246 13316.676 16287.095 12221.3 21006.121 1827
100 12037.554 10989.276 12576.509 10428.248 14571.243 1828
1000 15211.405 13279.763 15910.977 12147.905 20576.387 1828
100 11876.174 10887.241 12559.724 10411.26 14660.476 1829
1000 15104.969 13073.582 15947.597 12117.97 20725.69 1829
100 11529.81 10991.968 12537.152 10423.665 14594.988 1830
1000 14072.012 13308.04 15786.504 12138.051 20638.144 1830
100 11757.441 10867.157 12440.897 10386.664 14557.564 1831
1000 14359.149 13102.31 15894.796 12098.083 20598.913 1831
100 12320.246 10930.008 12438.053 10418.224 14502.107 1832
1000 15273.626 13120.909 15706.232 12109.093 20323.343 1832
100 11327.288 10899.348 12409.479 10424.871 14399.712 1833
1000 13706.266 12993.83 15560.904 12092.723 20034.981 1833
100 11039.274 10941.21 12418.5 10416.284 14444.94 1834
1000 13457.653 13082.352 15557.611 12089.986 20122.934 1834
100 11471.472 10998.24 12581.083 10513.348 14675.736 1835
1000 13664.576 13175.829 15944.933 12187.041 20598.036 1835
100 12512.755 11082.46 12637.616 10548.984 14654.585 1836
1000 15487.766 13205.741 15846.76 12203.016 20394.632 1836
100 12709.741 10994.652 12519.853 10498.852 14532.87 1837
1000 16168.87 13043.801 15605.525 12149.806 20205.476 1837
100 12265.901 11034.468 12508.623 10510.812 14543.544 1838
1000 15443.414 13175.171 15575.617 12166.496 20211.155 1838
100 11939.598 10969.625 12569.666 10473.686 14519.389 1839
1000 14795.45 13125.791 15739.719 12126.958 20151.983 1839
100 12139.537 10928.811 12459.309 10465.209 14463.199 1840
1000 15271.678 13008.762 15657.258 12121.375 20121.057 1840
100 10377.058 10471.861 11740.928 10085.748 13431.298 1841
1000 12281.942 12263.645 14038.839 11515.464 17786.167 1841
100 10577.65 10491.706 11675.93 10027.819 13253.771 1842
1000 12390.701 12315.678 14096.668 11461.834 17481.707 1842
100 11338.997 10356.905 11657.494 10014.877 13302.83 1843
1000 13589.146 12147.364 13999.289 11463.616 17614.185 1843
100 11166.862 10412.44 11594.387 9977.492 13206.978 1844
1000 13557.725 12192.653 13927.126 11422.409 17435.286 1844
100 10998.829 10399.364 11588.118 9959.96 13211.375 1845
1000 13085.942 12257.466 13966.587 11407.486 17515.528 1845
100 11070.632 10423.048 11494.742 9974.714 13256.688 1846
1000 13433.557 12298.494 13916.993 11442.568 17659.414 1846
100 11035.47 10303.767 11518.576 9933.511 13209.565 1847
1000 13294.884 12159.214 13960.606 11400.835 17609.444 1847
100 10996.013 10412.243 11487.371 9946.194 13207.749 1848
1000 13108.073 12243.585 13944.758 11408.479 17561.839 1848
100 10946.052 10340.822 11491.543 9945.615 13217.264 1849
1000 13069.615 12278.628 13977.477 11425.019 17675.359 1849
100 10965.66 10358.211 11540.01 9929.617 13213.021 1850
1000 13224.744 12228.293 13982.745 11401.359 17661.771 1850
100 11193.943 10437.859 11692.899 10041.244 13405.012 1851
1000 13536.199 12349.113 14198.964 11517.788 17923.148 1851
100 11023.253 10522.012 11628.466 10043.951 13405.247 1852
1000 13141.901 12407.225 14229.555 11524.95 17945.508 1852
100 10972.035 10560.243 11679.217 10051.161 13410.417 1853
1000 13344.579 12440.731 14193.777 11535.669 17940.082 1853
100 11121.321 10551.593 11730.664 10063.597 13467.39 1854
1000 13242.419 12439.215 14246.164 11546.177 18091.455 1854
100 10853.111 10581.76 11732.66 10093.609 13470.638 1855
1000 12908.208 12458.639 14203.622 11547.67 17970.581 1855
100 11319.262 10582.256 11685.732 10091.008 13497.953 1856
1000 13773.236 12437.745 14289.718 11563.318 18085.313 1856
100 10524.818 9791.874 10810.927 9320.451 12122.525 1857
1000 12098.401 11082.933 12392.126 10200.782 15178.578 1857
100 10060.098 9787.402 10722.961 9346.99 12105.327 1858
1000 11386.843 11036.662 12334.684 10188.273 15099.971 1858
100 10150.113 9764.174 10668.321 9335.02 12017.176 1859
1000 11396.81 10936.341 12134.617 10149.235 14855.408 1859
100 9712.155 9747.073 10672.541 9351.372 11991.147 1860
1000 10916.993 10874.297 12154.977 10130.521 14707.645 1860
100 10009.563 9720.371 10669.296 9332.802 11966.577 1861
1000 11183.862 10874.119 12144.822 10115.48 14668.512 1861
100 10195.884 9758.716 10679.685 9340.965 11935.312 1862
1000 11431.718 10883.554 12044.911 10124.365 14630.595 1862
100 10162.417 9748.74 10665.399 9353.194 11896.916 1863
1000 11304.263 10839.246 12014.467 10105.971 14469.844 1863
100 10384.64 9685.031 10691.938 9350.394 11897.389 1864
1000 11632.565 10729.578 12086.737 10098.019 14455.818 1864
100 10015.111 9790.751 10776.222 9346.967 11964.699 1865
1000 11170.726 10908.7 12150.549 10113.24 14608.986 1865
100 10188.117 9738.552 10780.012 9350.405 11959.837 1866
1000 11549.199 10867.365 12145.935 10116.52 14601.46 1866
100 10287.926 9714.505 10648.639 9354.314 11982.357 1867
1000 11576.183 10820.045 12088.737 10123.36 14687.864 1867
100 10307.396 9717.203 10690.188 9344.22 11955.82 1868
1000 11602.025 10824.754 12117.772 10111.298 14602.005 1868
100 10072.561 9755.327 10793.558 9356.505 12030.459 1869
1000 11249.318 10898.066 12238.746 10126.956 14773.468 1869
100 9935.458 9693.475 10731.336 9331.908 11950.694 1870
1000 11164.266 10745.19 12166.126 10102.048 14614.702 1870
100 10390.928 9704.647 10723.881 9339.655 11939.834 1871
1000 11651.006 10783.973 12114.591 10102.271 14552.865 1871
100 10393.86 9675.794 10719.705 9327.092 11859.228 1872
1000 11698.472 10794.182 12057.301 10089.732 14401.039 1872
100 10655.181 9687.383 10689.874 9335.844 11870.376 1873
1000 12043.739 10836.892 12221.225 10129.855 14524.286 1873
100 10101.349 9732.791 10665.961 9358.58 11958.903 1874
1000 11326.352 10874.939 12199.955 10161.103 14738.444 1874
100 9815.812 9734.965 10784.544 9326.728 11961.641 1875
1000 11177.727 10892.312 12282.246 10131.33 14734.503 1875
100 10475.129 9768.136 10704.447 9361.487 11930.724 1876
1000 11839.939 10901.977 12124.111 10128.796 14563.182 1876
100 10147.329 9686.23 10676.788 9363.677 11876.97 1877
1000 11421.851 10738.222 12057.6 10106.155 14386.729 1877
100 10361.294 9726.446 10608.943 9367.014 11802.672 1878
1000 11550.074 10760.056 11895.559 10082.557 14229.315 1878
100 10228.43 9699.808 10654.542 9351.419 11760.932 1879
1000 11307.755 10692.986 11964.381 10051.121 14115.401 1879
100 9646.907 9729.913 10637.662 9350.627 11820.363 1880
1000 10689.455 10743.936 11991.214 10053.247 14243.304 1880
100 10362.168 9651.097 10618.663 9339.422 11745.059 1881
1000 11511.274 10603.729 11958.315 10032.686 14076.01 1881
100 9647.883 9673.545 10643.035 9337.726 11722.777 1882
1000 10619.688 10628.635 11958.368 10040.379 14046.954 1882
100 10361.88 9695.826 10657.847 9336.571 11711.417 1883
1000 11556.522 10716.198 11989.588 10039.747 14052.429 1883
100 10012.503 9707.955 10596.129 9343.428 11725.881 1884
1000 11033.75 10696.693 11912.271 10042.536 14065.293 1884
100 10000.693 9687.961 10653.205 9350.734 11799.999 1885
1000 11137.332 10733.481 12057.144 10093.299 14312.401 1885
100 9845.794 9701.664 10600.344 9340.849 11727.313 1886
1000 10912.637 10726.74 11988.307 10063.373 14137.284 1886
100 9715.03 9621.529 10587.624 9288.124 11606.759 1887
1000 10780.067 10618.215 11957.237 10016.918 13927.391 1887
100 10323.131 9566.928 10455.175 9285.396 11555.467 1888
1000 11520.779 10525.954 11766.125 10000.17 13803.741 1888
100 9754.293 9563.055 10491.012 9242.4 11524.043 1889
1000 10742.239 10567.423 11841.516 9975.029 13833.155 1889
100 9728.319 9507.046 10358.297 9209.67 11411.721 1890
1000 10788.035 10475.866 11663.289 9959.548 13671.519 1890
100 10032.185 9538.584 10444.906 9191.933 11449.058 1891
1000 11232.187 10577.712 11888.688 9966.57 13800.997 1891
100 9775.967 9481.443 10402.117 9181.357 11427.61 1892
1000 10969.467 10541.365 11814.511 9976.739 13811.637 1892
100 9747.436 9616.111 10422.763 9261.349 11572.253 1893
1000 10932.039 10717.691 11894.256 10055.582 14049.087 1893
100 10365.528 9862.355 10611.934 9425.659 11809.64 1894
1000 11739.758 11056.641 12092.978 10269.636 14431.999 1894
100 10173.648 9823.236 10594.755 9425.24 11749.472 1895
1000 11544.496 10965.082 12035.986 10234.823 14267.191 1895
100 10131.621 9869.001 10595.768 9451.836 11788.994 1896
1000 11317.989 10997.201 12015.257 10237.747 14289.678 1896
100 10111.169 9737.845 10457.489 9381.633 11601.248 1897
1000 11254.343 10819.676 11745.286 10157.179 13963.996 1897
100 10256.623 9780.9 10502.853 9385.295 11684.383 1898
1000 11626.413 10873.929 11871.336 10166.626 14145.656 1898
100 9867.982 9799.644 10503.014 9401.547 11691.165 1899
1000 10925.462 10909.138 11892.839 10188.387 14141.013 1899
100 10182.155 9788.522 10449.064 9403.512 11665.249 1900
1000 11405.017 10865.595 11771.672 10167.873 14053.402 1900
100 10124.795 9667.3 10287.279 9313.557 11436.078 1901
1000 11273.501 10694.468 11544.733 10070.601 13669.723 1901
100 10057.624 9871.5 10466.283 9434.571 11680.318 1902
1000 11175.62 10988.579 11832.8 10216.079 14126.548 1902
100 10684.951 10412.204 10940.628 9910.324 12438.844 1903
1000 12275.521 11855.07 12709.815 11010.349 15551.496 1903
100 10558.578 10397.292 10976.246 9909.464 12433.353 1904
1000 11964.201 11884 12745.219 11028.888 15569.29 1904
100 10760.08 10423.3 10983.394 9918.035 12511.351 1905
1000 12455.748 11929.517 12794.298 11037.009 15760.064 1905
100 10665.46 10417.971 10914.511 9905.945 12468.165 1906
1000 12310.767 11859.781 12685.976 11012.813 15632.739 1906
100 10665.268 10455.597 11003.842 9916.915 12560.836 1907
1000 12291.453 11949.252 12801.265 11038.581 15880.247 1907
100 10676.305 10382.886 10882.711 9865.089 12403.369 1908
1000 12293.316 11857.662 12626.843 10985.917 15585.857 1908
100 10592.695 10342.83 10907.164 9866.653 12342.985 1909
1000 12157.925 11763.532 12616.863 10969.446 15426.947 1909
100 10449.479 10343.112 10856.83 9870.248 12315.198 1910
1000 11867.728 11751.614 12541.424 10962.835 15306.012 1910
100 10666.79 10238.091 10765.864 9804.845 12145.312 1911
1000 12150.392 11612.259 12397.849 10895.581 15039.71 1911
100 10520.82 10208.761 10790.723 9799.508 12109.031 1912
1000 11897.677 11607.617 12423.577 10887.856 14933.03 1912
100 10405.56 10235.489 10729.241 9812.437 12067.993 1913
1000 11732.019 11588.236 12362.977 10879.444 14814.195 1913
100 10383.893 10247.108 10759.517 9833.89 12090.521 1914
1000 11740.578 11548.256 12312.461 10891.94 14814.06 1914
100 10554.601 10258.607 10751.481 9821.283 12126.625 1915
1000 12016.621 11639.529 12391.125 10896.656 14956.337 1915
100 10723.593 10278.626 10796.551 9859.083 12189.947 1916
1000 12369.429 11608.447 12378.791 10918.535 15021.266 1916
100 10633.289 10300.106 10794.382 9858.173 12223.678 1917
1000 12054.095 11637.68 12375.322 10926.847 15097.245 1917
100 10484.34 10288.158 10804.79 9847.939 12207.661 1918
1000 11931.602 11653.662 12420.768 10925.974 15096.452 1918
100 10664.569 10298.577 10807.318 9862.301 12199.875 1919
1000 12174.744 11632.514 12410.98 10927.488 15077.411 1919
