"Pr" "Mp" "Qhyd_2" "Qhyd_9" "Qtot_2" "Qtot_9" "nyears"
100 12365.721 12019.549 13076.017 10367.078 24484.606 20
1000 15793.98 15117.979 17392.577 11819.231 48860.365 20
100 12207.135 11634.614 12580.68 10282.724 22876.965 22
1000 15319.992 14254.176 16351.665 11653.178 43929.212 22
100 12745.151 11643.38 12580.059 10266.684 22455.448 24
1000 16508.803 14169.264 16398.757 11652.771 43293.183 24
100 11926.221 11630.839 12429.13 10277.038 20720.482 26
1000 14498.524 13949.433 15658.458 11530.54 36793.343 26
100 12408.385 11910.197 12860.268 10587.961 20922.417 28
1000 14999.42 14153.267 16117.121 11676.336 36564.564 28
100 12348.913 11871.449 12818.397 10491.458 20853.477 30
1000 15491.522 14216.847 16255.243 11693.271 37171.222 30
100 12019.685 11824.106 13038.811 10412.946 20606.289 32
1000 15080.895 14444.172 17227.136 11753.828 37630.491 32
100 12119.247 11704.106 12592.296 10312.697 19072.512 34
1000 15237.142 14191.182 16256.771 11613.849 33116.943 34
100 12414.103 11682.547 12529.275 10286.846 18889.263 36
1000 15690.139 14334.906 16288.984 11672.874 33218.194 36
100 11899.51 11408.998 12383.857 10196.256 18193.421 38
1000 14894.688 13753.973 15961.499 11560.722 31296.373 38
100 11796.177 11326.942 12029.329 10150.976 17257.764 40
1000 14781.481 13664.78 15252.346 11462.671 28632.225 40
100 11507.951 11235.703 12148.474 10114.69 17248.947 42
1000 14092.916 13526.953 15548.726 11443.058 28990.72 42
100 11454.43 11089.579 11927.695 10102.218 16644.138 44
1000 14019.566 13100.603 15071.585 11338.08 26622.451 44
100 11577.301 11122.592 11743.112 10144.025 15820.184 46
1000 14023.946 12961.797 14319.388 11276.317 23511.355 46
100 11259.562 11151.336 11755.848 10089.408 15826.721 48
1000 13386.67 13127.874 14400.621 11263.257 24003.519 48
100 11208.265 10913.953 11648.61 10039.882 15539.88 50
1000 13580.013 12812.986 14352.246 11229.557 23366.384 50
100 11171.116 10966.193 11653.351 10024.287 15613.153 52
1000 13378.917 12906.5 14428.135 11284.411 23820.779 52
100 11182.425 11012.478 11635.418 9972.133 15555.297 54
1000 13443.11 13179.645 14529.575 11283.776 24216.729 54
100 11503.059 10998.615 11701.01 9964.392 15674.887 56
1000 14430.538 13247.284 14891.792 11346.415 24628.507 56
100 11262.102 10928.069 11712.144 9957.368 15354.668 58
1000 13817.571 13111.986 14868.561 11287.744 23659.675 58
100 11095.342 10934.81 11775.678 9917.19 15403.992 60
1000 13642.904 13252.942 15159.982 11326.399 24339.08 60
100 11294.841 10908.814 11499.882 9920.656 15199.495 62
1000 13893.575 13195.964 14609.217 11249.512 23515.256 62
100 11182.608 10821.744 11612.207 9938.007 14956.983 64
1000 13844.156 12827.558 14648.282 11222.294 22748.784 64
100 10917.346 10799.479 11468.507 9932.302 14708.225 66
1000 13041.994 12794.987 14194.834 11200.844 22049.11 66
100 11137.81 10808.477 11363.776 9913.229 14543.828 68
1000 13547.886 12825.7 13973.218 11161.063 21612.531 68
100 11152.583 10984.588 11543.797 10040.734 14872.237 70
1000 13580.2 13143.518 14507.101 11342.925 22414.847 70
100 11246.21 10906.854 11611.032 10008.205 14782.916 72
1000 13589.02 13038.578 14529.461 11361.031 22378.772 72
100 11099.561 10844.852 11502.595 9973.67 14455.454 74
1000 13605.312 12987.459 14400.789 11303.831 21556.965 74
100 11196.01 10845.923 11572.881 9943.493 14572.919 76
1000 14018.518 13040.687 14632.348 11338.296 22104.57 76
100 11325.831 10853.311 11398.117 9927.98 14360.722 78
1000 13999.373 13008.204 14233.722 11295.071 21429.154 78
100 10825.013 10737.461 11292.658 9883.167 14137.656 80
1000 13134.369 12816.905 14134.901 11241.667 20919.294 80
100 10904.375 10697.632 11254.649 9848.107 14020.058 82
1000 13416.564 12792.316 14059.461 11215.593 20632.97 82
100 11248.09 10691.004 11319.386 9821.743 13894.981 84
1000 14268.519 12838.157 14322.579 11196.906 20445.404 84
100 11501.447 10901.948 11556.44 9995.586 14222.635 86
1000 14339.818 13227.091 14540.613 11404.098 21112.847 86
100 11127.059 10868.358 11410.943 9984.547 14171.173 88
1000 13676.391 12950.635 14359.052 11382.304 21010 88
100 11094.025 10798.866 11374.049 9936.771 13932.844 90
1000 13740.996 12922.597 14301.709 11321.748 20342.371 90
100 11081.431 10655.466 11286.722 9922 13634.947 92
1000 13469.481 12600.497 13924.428 11246.466 19268.682 92
100 10930.433 10593.364 11224.94 9898.399 13460.835 94
1000 13139.771 12440.229 13854.425 11182.763 18767.048 94
100 11008.901 10586.836 11138.033 9893.392 13306.713 96
1000 13248.841 12465.831 13486.008 11152.004 18338.671 96
100 10976.995 10557.458 11074.004 9895.941 13132.362 98
1000 12945.718 12344.112 13339.12 11096.739 17743.87 98
100 10647.792 10304.375 10829.158 9874.727 12294.583 100
1000 12125.229 11732.915 12540.009 10949.778 15293.307 100
100 10720.864 10308.506 10858.539 9862.431 12284.014 102
1000 12234.11 11677.068 12544.224 10938.654 15269.697 102
100 10602.19 10277.54 10842.325 9862.442 12207.064 104
1000 12011.213 11668.411 12525.117 10932.096 15110.717 104
100 10630.983 10267.836 10820.384 9839.929 12114.254 106
1000 12047.8 11707.381 12410.947 10917.154 14941.436 106
100 10355.39 10260.623 10777.252 9838.449 12074.598 108
1000 11594.512 11579.979 12431.422 10903.971 14835.775 108
100 10597.33 10274.391 10720.3 9821.923 12100.099 110
1000 12093.998 11671.876 12300.226 10911.495 14950.846 110
100 10496.922 10289.04 10808.329 9848.267 12179.503 112
1000 12062.559 11686.645 12441.128 10944.748 15116.911 112
100 10638.344 10352.209 10894.41 9897.523 12267.303 114
1000 12254.347 11787.926 12599.13 10979.077 15286.037 114
100 10674.15 10340.815 10911.334 9859.278 12232.574 116
1000 12282.885 11807.278 12702.028 10958.572 15236.289 116
100 10579.448 10270.56 10874.145 9870.797 12158.961 118
1000 12136.183 11752.615 12632.654 10974.033 15097.172 118
100 10296.551 10263.02 10778.361 9843.889 12051.479 120
1000 11748.022 11715.338 12482.514 10937.581 14923.465 120
100 10571.985 10297.826 10879.426 9882.141 12145.426 122
1000 12056.323 11746.81 12502.93 10991.426 15068.908 122
100 10533.774 10282.895 10839.732 9856.505 12041.212 124
1000 12095.455 11708.022 12471.213 10939.176 14842.059 124
100 10206.052 10335.569 10849.124 9898.306 12148.561 126
1000 11599.318 11731.982 12565.358 10990.727 15059.716 126
100 10476.896 10276.197 10924.432 9874.828 12159.331 128
1000 12035.649 11744.528 12723.11 11001.047 15148.435 128
100 10418.724 10294.852 10901.884 9872.143 12068.183 130
1000 11839.735 11777.468 12569.969 10985.112 14959.611 130
100 10766.6 10329.113 10940.952 9907.448 12116.071 132
1000 12233.913 11736.192 12613.038 10999.079 14979.968 132
100 10582.651 10322.868 10959.912 9907.797 12109.36 134
1000 12139.782 11721.726 12651.887 10988.533 14939.267 134
100 10764.092 10336.251 10981.034 9920.163 12126.861 136
1000 12410.899 11792.871 12701.454 11006.916 14973.381 136
100 10569.57 10333.973 10890.745 9927.452 12073.371 138
1000 11877.16 11715.862 12532.803 11003.584 14852.463 138
100 10704.363 10325.685 10918.584 9940.227 11991.819 140
1000 12129.261 11637.03 12503.396 10999.381 14619.936 140
100 10366.287 10275.043 10843.477 9911.54 11996.468 142
1000 11781.004 11670.072 12405.979 10977.22 14681.385 142
100 10510.055 10251.736 10880.584 9905.011 11960.8 144
1000 11973.531 11636.142 12416.667 10978.139 14625.639 144
100 10850.098 10356.514 10971.481 9905.474 12003.424 146
1000 12461.619 11807.091 12632.211 10989.929 14744.039 146
100 10848.95 10277.722 10901.43 9888.704 11963.539 148
1000 12659.593 11656.409 12553.189 10978.347 14696.356 148
100 10920.411 10245.426 10801.077 9887.22 11914.326 150
1000 12361.55 11600.975 12347.808 10955.049 14513.624 150
100 10503.482 10277.664 10855.86 9898.803 11979.615 152
1000 11863.15 11684.403 12475.1 10972.975 14734.339 152
100 10482.057 10271.225 10881.547 9895.759 11945.326 154
1000 12039.33 11645.038 12473.615 10970.965 14654.235 154
100 10425.848 10263.749 10820.829 9855.867 11957.313 156
1000 11820.333 11707.323 12524.66 10961.599 14784.581 156
100 10589.466 10243.86 10809.331 9853.115 11873.402 158
1000 12247.112 11688.89 12461.764 10954.943 14617.436 158
100 10319.816 10291.714 10843.533 9838.095 11910.751 160
1000 11926.882 11750.527 12464.645 10956.917 14744.493 160
100 10416.682 10227.325 10822.077 9816.106 11967.709 162
1000 12020.458 11702.702 12571.22 10963.677 14898.017 162
100 10520.684 10278.206 10844.007 9826.396 11949.625 164
1000 12089.514 11781.295 12585.221 10974.262 14900.387 164
100 11206.06 10748.067 11451.043 10257.171 12628.362 166
1000 13257.426 12683.673 13793.237 11734.523 16283.394 166
100 10728.609 10614.686 11386.318 10198.868 12556.706 168
1000 12704.742 12404.885 13655.85 11650.034 16102.492 168
100 11469.531 10648.265 11387.165 10183.422 12511.511 170
1000 13793.005 12463.129 13695.446 11656.703 16069.433 170
100 11223.551 10559.78 11418.293 10143.199 12510.913 172
1000 13322.081 12378.526 13728.557 11611.724 16052.091 172
100 10885.373 10597.197 11374.963 10128.443 12444.2 174
1000 12938.752 12384.578 13662.734 11577.968 15947.019 174
100 10811.179 10573.21 11356.213 10177.175 12416.172 176
1000 12692.273 12445.432 13638.787 11640.693 15907.149 176
100 10821.185 10545.759 11322.471 10154.413 12405.6 178
1000 12670.631 12334.815 13541.087 11599.246 15819.503 178
100 11527.842 10536.015 11339.451 10171.898 12411.159 180
1000 13769.853 12271.289 13492.248 11598.411 15767.43 180
100 11398.201 10843.344 11911.343 10443.014 12991.172 182
1000 13920.719 12767.397 14651.854 12027.122 16978.676 182
100 11231.647 10759.625 11853.688 10399.959 12956.107 184
1000 13339.918 12729.706 14504.453 11979.078 16919.885 184
100 11197.134 10889.62 11926.594 10472.146 13006.27 186
1000 13278.172 12857.008 14719.152 12112.05 17049.17 186
100 10950.866 10652.005 11873.442 10367.23 12926.9 188
1000 12858.003 12583.71 14519.33 11916.555 16917.587 188
100 10969.501 10731.621 11829.451 10402.655 12961.327 190
1000 12961.217 12591.847 14597.25 11987.34 16970.857 190
100 10839.052 10615.958 11802.816 10347.009 12882.545 192
1000 12707.055 12444.802 14569.762 11902.279 16860.404 192
100 11128.058 10697.432 11871.697 10412.844 12939.802 194
1000 13297.622 12690.284 14593.154 12012.803 16951.662 194
100 11352.798 10867.051 11880.841 10469.079 12967.403 196
1000 13714.842 12862.745 14662.29 12069.863 16974.558 196
100 11251.271 10741.456 11951.17 10370.404 12953.947 198
1000 13299.817 12692.463 14751.661 11944.146 16958.304 198
100 11345.093 10817.708 11774.256 10446.485 12868.81 200
1000 13538.423 12787.939 14353.993 12052.734 16724.928 200
100 11025.578 10635.023 11792.314 10358.592 12813.481 202
1000 13199.055 12480.898 14476.01 11915.858 16683.305 202
100 11318.935 10661.074 11890.961 10359.776 12868.146 204
1000 13476.28 12591.895 14605.495 11942.153 16779.213 204
