X1_obs         X1_true        Y1_obs         Y1_unbiased    Y1_sim         Y1_res         Y1_stdres      
   0.284000E+01   0.284000E+01   0.126500E+04   0.126500E+04   0.129159E+04  -0.265942E+02  -0.254711E+00
   0.280000E+01   0.280000E+01   0.125500E+04   0.125500E+04   0.126718E+04  -0.121789E+02  -0.117077E+00
   0.275000E+01   0.275000E+01   0.120500E+04   0.120500E+04   0.123691E+04  -0.319132E+02  -0.311553E+00
   0.509000E+01   0.509000E+01   0.353100E+04   0.353100E+04   0.356553E+04  -0.345336E+02  -0.173182E+00
   0.517000E+01   0.517000E+01   0.365000E+04   0.365000E+04   0.363833E+04   0.116689E+02   0.569681E-01
   0.508000E+01   0.508000E+01   0.351500E+04   0.351500E+04   0.355647E+04  -0.414739E+02  -0.148421E+00
   0.516000E+01   0.516000E+01   0.366000E+04   0.366000E+04   0.362920E+04   0.307996E+02   0.106273E+00
   0.494000E+01   0.494000E+01   0.336500E+04   0.336500E+04   0.343057E+04  -0.655739E+02  -0.341849E+00
   0.497000E+01   0.497000E+01   0.347900E+04   0.347900E+04   0.345741E+04   0.215950E+02   0.109679E+00
   0.496000E+01   0.496000E+01   0.335000E+04   0.335000E+04   0.344845E+04  -0.984524E+02  -0.367862E+00
   0.725000E+01   0.725000E+01   0.564500E+04   0.564500E+04   0.572297E+04  -0.779694E+02  -0.259848E+00
   0.719000E+01   0.719000E+01   0.561100E+04   0.561100E+04   0.565784E+04  -0.468365E+02  -0.156977E+00
   0.725000E+01   0.725000E+01   0.566000E+04   0.566000E+04   0.572297E+04  -0.629694E+02  -0.144246E+00
   0.726000E+01   0.726000E+01   0.551000E+04   0.551000E+04   0.573385E+04  -0.223853E+03  -0.525942E+00
   0.425000E+01   0.425000E+01   0.278900E+04   0.278900E+04   0.283604E+04  -0.470393E+02  -0.283781E+00
   0.443000E+01   0.443000E+01   0.293200E+04   0.293200E+04   0.298692E+04  -0.549158E+02  -0.318996E+00
   0.443000E+01   0.443000E+01   0.292500E+04   0.292500E+04   0.298692E+04  -0.619158E+02  -0.261013E+00
   0.428000E+01   0.428000E+01   0.282500E+04   0.282500E+04   0.286098E+04  -0.359756E+02  -0.156357E+00
   0.408000E+01   0.408000E+01   0.262400E+04   0.262400E+04   0.269633E+04  -0.723310E+02  -0.456207E+00
   0.402000E+01   0.402000E+01   0.255500E+04   0.255500E+04   0.264767E+04  -0.926743E+02  -0.595639E+00
   0.408000E+01   0.408000E+01   0.265000E+04   0.265000E+04   0.269633E+04  -0.463310E+02  -0.212747E+00
   0.510000E+01   0.510000E+01   0.370000E+04   0.370000E+04   0.357460E+04   0.125398E+03   0.428585E+00
   0.523000E+01   0.523000E+01   0.387000E+04   0.387000E+04   0.369330E+04   0.176699E+03   0.579611E+00
   0.539000E+01   0.539000E+01   0.385000E+04   0.385000E+04   0.384144E+04   0.856354E+01   0.282045E-01
   0.596000E+01   0.596000E+01   0.447500E+04   0.447500E+04   0.438722E+04   0.877819E+02   0.251428E+00
   0.609000E+01   0.609000E+01   0.457000E+04   0.457000E+04   0.451558E+04   0.544180E+02   0.152802E+00
   0.625000E+01   0.625000E+01   0.470000E+04   0.470000E+04   0.467552E+04   0.244786E+02   0.669347E-01
   0.646000E+01   0.646000E+01   0.490000E+04   0.490000E+04   0.488869E+04   0.113143E+02   0.297418E-01
   0.643000E+01   0.643000E+01   0.469500E+04   0.469500E+04   0.485801E+04  -0.163009E+03  -0.640634E+00
   0.636000E+01   0.636000E+01   0.440000E+04   0.440000E+04   0.478672E+04  -0.386722E+03  -0.112352E+01
   0.372000E+01   0.372000E+01   0.237000E+04   0.237000E+04   0.240956E+04  -0.395584E+02  -0.268220E+00
   0.362000E+01   0.362000E+01   0.238500E+04   0.238500E+04   0.233212E+04   0.528785E+02   0.357544E+00
   0.364000E+01   0.364000E+01   0.237000E+04   0.237000E+04   0.234753E+04   0.224693E+02   0.113402E+00
   0.364000E+01   0.364000E+01   0.233200E+04   0.233200E+04   0.234753E+04  -0.155307E+02  -0.106517E+00
   0.853000E+01   0.853000E+01   0.752000E+04   0.752000E+04   0.718058E+04   0.339416E+03   0.867619E+00
   0.852000E+01   0.852000E+01   0.750000E+04   0.750000E+04   0.716849E+04   0.331510E+03   0.578788E+00
   0.853000E+01   0.853000E+01   0.751000E+04   0.751000E+04   0.718058E+04   0.329416E+03   0.574385E+00
   0.314000E+01   0.314000E+01   0.174400E+04   0.174400E+04   0.197419E+04  -0.230194E+03  -0.187996E+01
   0.304000E+01   0.304000E+01   0.184500E+04   0.184500E+04   0.190255E+04  -0.575459E+02  -0.353603E+00
   0.314000E+01   0.314000E+01   0.197500E+04   0.197500E+04   0.197419E+04   0.806463E+00   0.615983E-02
   0.298000E+01   0.298000E+01   0.177000E+04   0.177000E+04   0.186005E+04  -0.900492E+02  -0.570332E+00
   0.290000E+01   0.290000E+01   0.177600E+04   0.177600E+04   0.180396E+04  -0.279650E+02  -0.227190E+00
   0.297000E+01   0.297000E+01   0.184600E+04   0.184600E+04   0.185300E+04  -0.700251E+01  -0.556727E-01
   0.440000E+01   0.440000E+01   0.303400E+04   0.303400E+04   0.296156E+04   0.724396E+02   0.410515E+00
   0.423000E+01   0.423000E+01   0.285100E+04   0.285100E+04   0.281946E+04   0.315381E+02   0.187350E+00
   0.990000E+00   0.990000E+00   0.679000E+03   0.679000E+03   0.675108E+03   0.389161E+01   0.445620E-01
   0.101000E+01   0.101000E+01   0.679000E+03   0.679000E+03   0.684674E+03  -0.567397E+01  -0.649438E-01
   0.137000E+01   0.137000E+01   0.959000E+03   0.959000E+03   0.865566E+03   0.934342E+02   0.990202E+00
   0.143000E+01   0.143000E+01   0.985000E+03   0.985000E+03   0.897285E+03   0.877153E+02   0.797949E+00
   0.600000E+00   0.600000E+00   0.453000E+03   0.453000E+03   0.499194E+03  -0.461938E+02  -0.557415E+00
   0.480000E+00   0.480000E+00   0.472000E+03   0.472000E+03   0.449259E+03   0.227405E+02   0.274202E+00
   0.607000E+01   0.607000E+01   0.439500E+04   0.439500E+04   0.449574E+04  -0.100741E+03  -0.419649E+00
   0.608000E+01   0.608000E+01   0.437600E+04   0.437600E+04   0.450566E+04  -0.129657E+03  -0.542029E+00
   0.606000E+01   0.606000E+01   0.433400E+04   0.433400E+04   0.448583E+04  -0.151833E+03  -0.447754E+00
   0.303000E+01   0.303000E+01   0.188200E+04   0.188200E+04   0.189544E+04  -0.134374E+02  -0.105617E+00
   0.302000E+01   0.302000E+01   0.184500E+04   0.184500E+04   0.188834E+04  -0.433392E+02  -0.344386E+00
   0.313000E+01   0.313000E+01   0.196200E+04   0.196200E+04   0.196698E+04  -0.498284E+01  -0.382081E-01
   0.285000E+01   0.285000E+01   0.163100E+04   0.163100E+04   0.176925E+04  -0.138250E+03  -0.117299E+01
   0.408000E+01   0.408000E+01   0.278300E+04   0.278300E+04   0.269633E+04   0.866690E+02   0.524671E+00
   0.409000E+01   0.409000E+01   0.261500E+04   0.261500E+04   0.270447E+04  -0.894736E+02  -0.565588E+00
   0.199000E+01   0.199000E+01   0.126400E+04   0.126400E+04   0.121403E+04   0.499695E+02   0.479932E+00
   0.218000E+01   0.218000E+01   0.136600E+04   0.136600E+04   0.132972E+04   0.362803E+02   0.336963E+00
   0.137000E+01   0.137000E+01   0.938000E+03   0.938000E+03   0.865566E+03   0.724342E+02   0.771977E+00
   0.123000E+01   0.123000E+01   0.878000E+03   0.878000E+03   0.793281E+03   0.847187E+02   0.919882E+00
   0.277000E+01   0.277000E+01   0.168800E+04   0.168800E+04   0.171425E+04  -0.262480E+02  -0.219308E+00
   0.293000E+01   0.293000E+01   0.186400E+04   0.186400E+04   0.182492E+04   0.390811E+02   0.309280E+00
   0.430000E+01   0.430000E+01   0.290500E+04   0.290500E+04   0.287765E+04   0.273535E+02   0.160187E+00
   0.436000E+01   0.436000E+01   0.286800E+04   0.286800E+04   0.292788E+04  -0.598833E+02  -0.353706E+00
   0.610000E+01   0.610000E+01   0.446000E+04   0.446000E+04   0.452552E+04  -0.655152E+02  -0.269512E+00
   0.226000E+01   0.226000E+01   0.141600E+04   0.141600E+04   0.137964E+04   0.363616E+02   0.332274E+00
   0.402000E+01   0.402000E+01   0.287500E+04   0.287500E+04   0.264767E+04   0.227326E+03   0.134534E+01
   0.409000E+01   0.409000E+01   0.267000E+04   0.267000E+04   0.270447E+04  -0.344736E+02  -0.214821E+00
   0.559000E+01   0.559000E+01   0.401900E+04   0.401900E+04   0.402975E+04  -0.107498E+02  -0.483941E-01
   0.567000E+01   0.567000E+01   0.413300E+04   0.413300E+04   0.410605E+04   0.269546E+02   0.118516E+00
   0.657000E+01   0.657000E+01   0.496200E+04   0.496200E+04   0.500180E+04  -0.398012E+02  -0.149045E+00
   0.666000E+01   0.666000E+01   0.507200E+04   0.507200E+04   0.509509E+04  -0.230910E+02  -0.847995E-01
   0.544000E+01   0.544000E+01   0.396000E+04   0.396000E+04   0.388819E+04   0.718114E+02   0.327596E+00
   0.618000E+01   0.618000E+01   0.462600E+04   0.462600E+04   0.460528E+04   0.207163E+02   0.825828E-01
   0.740000E+01   0.740000E+01   0.589700E+04   0.589700E+04   0.588706E+04   0.994331E+01   0.318526E-01
   0.164000E+01   0.164000E+01   0.104700E+04   0.104700E+04   0.101173E+04   0.352681E+02   0.362879E+00
   0.199000E+01   0.199000E+01   0.126300E+04   0.126300E+04   0.121403E+04   0.489695E+02   0.470464E+00
   0.156000E+01   0.156000E+01   0.106800E+04   0.106800E+04   0.967509E+03   0.100491E+03   0.102960E+01
   0.146000E+01   0.146000E+01   0.944000E+03   0.944000E+03   0.913309E+03   0.306912E+02   0.325966E+00
   0.398000E+01   0.398000E+01   0.264100E+04   0.264100E+04   0.261543E+04   0.255733E+02   0.160776E+00
   0.415000E+01   0.415000E+01   0.287100E+04   0.287100E+04   0.275353E+04   0.117472E+03   0.694943E+00
   0.396000E+01   0.396000E+01   0.268600E+04   0.268600E+04   0.259936E+04   0.866398E+02   0.393682E+00
   0.398000E+01   0.398000E+01   0.274500E+04   0.274500E+04   0.261543E+04   0.129573E+03   0.578038E+00
   0.400000E+01   0.400000E+01   0.273900E+04   0.273900E+04   0.263153E+04   0.107469E+03   0.480255E+00
   0.594000E+01   0.594000E+01   0.441100E+04   0.441100E+04   0.436760E+04   0.434033E+02   0.125990E+00
   0.333000E+01   0.333000E+01   0.215600E+04   0.215600E+04   0.211312E+04   0.428796E+02   0.233797E+00
   0.320000E+01   0.320000E+01   0.208200E+04   0.208200E+04   0.201767E+04   0.643289E+02   0.360717E+00
   0.530000E+00   0.530000E+00   0.413000E+03   0.413000E+03   0.469819E+03  -0.568186E+02  -0.690997E+00
   0.380000E+00   0.380000E+00   0.395000E+03   0.395000E+03   0.409215E+03  -0.142151E+02  -0.173871E+00
   0.811000E+01   0.811000E+01   0.683800E+04   0.683800E+04   0.668775E+04   0.150248E+03   0.286912E+00
   0.309000E+01   0.309000E+01   0.196400E+04   0.196400E+04   0.193824E+04   0.257580E+02   0.151099E+00
   0.555000E+01   0.555000E+01   0.390000E+04   0.390000E+04   0.399181E+04  -0.918093E+02  -0.298676E+00
   0.650000E+00   0.650000E+00   0.560000E+03   0.560000E+03   0.520595E+03   0.394054E+02   0.436946E+00
   0.800000E+00   0.800000E+00   0.650000E+03   0.650000E+03   0.586853E+03   0.631465E+02   0.673506E+00
   0.500000E+00   0.500000E+00   0.470000E+03   0.470000E+03   0.457441E+03   0.125595E+02   0.144361E+00
   0.490000E+01   0.490000E+01   0.331000E+04   0.331000E+04   0.339492E+04  -0.849247E+02  -0.320785E+00
   0.492000E+01   0.492000E+01   0.332000E+04   0.332000E+04   0.341273E+04  -0.927314E+02  -0.349310E+00
   0.495000E+01   0.495000E+01   0.342000E+04   0.342000E+04   0.343951E+04  -0.195087E+02  -0.715768E-01
   0.500000E+01   0.500000E+01   0.348000E+04   0.348000E+04   0.348432E+04  -0.431666E+01  -0.155916E-01
   0.218000E+01   0.218000E+01   0.136000E+04   0.136000E+04   0.132972E+04   0.302803E+02   0.230007E+00
   0.139000E+01   0.139000E+01   0.928000E+03   0.928000E+03   0.876090E+03   0.519102E+02   0.592860E+00
   0.373000E+01   0.373000E+01   0.243700E+04   0.243700E+04   0.241736E+04   0.196443E+02   0.160446E+00
   0.640000E+01   0.640000E+01   0.465700E+04   0.465700E+04   0.482741E+04  -0.170408E+03  -0.895901E+00
   0.640000E+01   0.640000E+01   0.474800E+04   0.474800E+04   0.482741E+04  -0.794078E+02  -0.214994E+00
   0.720000E+01   0.720000E+01   0.540700E+04   0.540700E+04   0.566867E+04  -0.261672E+03  -0.121825E+01
   0.720000E+01   0.720000E+01   0.543500E+04   0.543500E+04   0.566867E+04  -0.233672E+03  -0.556234E+00
   0.685000E+01   0.685000E+01   0.550200E+04   0.550200E+04   0.529421E+04   0.207788E+03   0.957573E+00
   0.740000E+01   0.740000E+01   0.593000E+04   0.593000E+04   0.588706E+04   0.429433E+02   0.185507E+00
   0.770000E+01   0.770000E+01   0.627800E+04   0.627800E+04   0.622057E+04   0.574289E+02   0.119101E+00
   0.772000E+01   0.772000E+01   0.642300E+04   0.642300E+04   0.624306E+04   0.179943E+03   0.365122E+00
   0.785000E+01   0.785000E+01   0.614800E+04   0.614800E+04   0.638998E+04  -0.241976E+03  -0.101126E+01
   0.786000E+01   0.786000E+01   0.618700E+04   0.618700E+04   0.640133E+04  -0.214332E+03  -0.450570E+00
   0.964000E+01   0.964000E+01   0.930200E+04   0.930200E+04   0.866319E+04   0.638809E+03   0.133381E+01
   0.972000E+01   0.972000E+01   0.955500E+04   0.955500E+04   0.877885E+04   0.776152E+03   0.157966E+01
   0.990000E+01   0.990000E+01   0.957800E+04   0.957800E+04   0.904293E+04   0.535071E+03   0.735354E+00
   0.984000E+01   0.984000E+01   0.923300E+04   0.923300E+04   0.895432E+04   0.278684E+03   0.396962E+00
   0.717000E+01   0.717000E+01   0.595000E+04   0.595000E+04   0.563619E+04   0.313811E+03   0.685715E+00
   0.735000E+01   0.735000E+01   0.609300E+04   0.609300E+04   0.583216E+04   0.260838E+03   0.110282E+01
   0.765000E+01   0.765000E+01   0.617800E+04   0.617800E+04   0.616449E+04   0.135063E+02   0.284455E-01
   0.105000E+02   0.105000E+02   0.110290E+05   0.110290E+05   0.996016E+04   0.106884E+04   0.189408E+01
   0.103800E+02   0.103800E+02   0.108830E+05   0.108830E+05   0.977229E+04   0.111071E+04   0.199408E+01
   0.325000E+01   0.325000E+01   0.197400E+04   0.197400E+04   0.214114E+04  -0.167141E+03  -0.150800E+01
   0.328000E+01   0.328000E+01   0.197400E+04   0.197400E+04   0.216352E+04  -0.189521E+03  -0.110444E+01
   0.329000E+01   0.329000E+01   0.212800E+04   0.212800E+04   0.217100E+04  -0.430017E+02  -0.375988E+00
   0.331000E+01   0.331000E+01   0.222000E+04   0.222000E+04   0.218599E+04   0.340079E+02   0.329934E+00
   0.501000E+01   0.501000E+01   0.357000E+04   0.357000E+04   0.359980E+04  -0.297960E+02  -0.191408E+00
   0.500000E+01   0.500000E+01   0.353200E+04   0.353200E+04   0.359070E+04  -0.587028E+02  -0.379760E+00
   0.500000E+01   0.500000E+01   0.353200E+04   0.353200E+04   0.359070E+04  -0.587028E+02  -0.458259E+00
   0.355000E+01   0.355000E+01   0.242900E+04   0.242900E+04   0.236896E+04   0.600396E+02   0.563141E+00
   0.357000E+01   0.357000E+01   0.242100E+04   0.242100E+04   0.238446E+04   0.365371E+02   0.342892E+00
   0.520000E+01   0.520000E+01   0.382200E+04   0.382200E+04   0.377425E+04   0.477527E+02   0.357048E+00
   0.396000E+01   0.396000E+01   0.278500E+04   0.278500E+04   0.269448E+04   0.905161E+02   0.800983E+00
   0.416000E+01   0.416000E+01   0.305300E+04   0.305300E+04   0.285909E+04   0.193914E+03   0.164637E+01
   0.280000E+01   0.280000E+01   0.186600E+04   0.186600E+04   0.181634E+04   0.496625E+02   0.510845E+00
   0.164000E+01   0.164000E+01   0.110000E+04   0.110000E+04   0.107819E+04   0.218108E+02   0.251720E+00
   0.163000E+01   0.163000E+01   0.108900E+04   0.108900E+04   0.107248E+04   0.165190E+02   0.190888E+00
   0.149000E+01   0.149000E+01   0.103500E+04   0.103500E+04   0.993802E+03   0.411983E+02   0.480141E+00
   0.373000E+01   0.373000E+01   0.240600E+04   0.240600E+04   0.250988E+04  -0.103882E+03  -0.972842E+00
   0.369000E+01   0.369000E+01   0.228600E+04   0.228600E+04   0.247829E+04  -0.192295E+03  -0.183123E+01
   0.198000E+01   0.198000E+01   0.130300E+04   0.130300E+04   0.127913E+04   0.238721E+02   0.267684E+00
   0.196000E+01   0.196000E+01   0.126000E+04   0.126000E+04   0.126694E+04  -0.694357E+01  -0.782417E-01
   0.842000E+01   0.842000E+01   0.675900E+04   0.675900E+04   0.718893E+04  -0.429928E+03  -0.214363E+01
   0.831000E+01   0.831000E+01   0.652000E+04   0.652000E+04   0.705871E+04  -0.538707E+03  -0.275907E+01
   0.301000E+01   0.301000E+01   0.195000E+04   0.195000E+04   0.196535E+04  -0.153474E+02  -0.155355E+00
   0.103000E+01   0.103000E+01   0.762000E+03   0.762000E+03   0.751946E+03   0.100537E+02   0.121126E+00
   0.746000E+01   0.746000E+01   0.591800E+04   0.591800E+04   0.608379E+04  -0.165786E+03  -0.918595E+00
   0.424000E+01   0.424000E+01   0.303200E+04   0.303200E+04   0.292598E+04   0.106023E+03   0.901101E+00
   0.208000E+01   0.208000E+01   0.132700E+04   0.132700E+04   0.134072E+04  -0.137216E+02  -0.153069E+00
   0.635000E+01   0.635000E+01   0.485000E+04   0.485000E+04   0.489660E+04  -0.466020E+02  -0.298516E+00
   0.619000E+01   0.619000E+01   0.463000E+04   0.463000E+04   0.473376E+04  -0.103756E+03  -0.685153E+00
   0.620000E+01   0.620000E+01   0.463000E+04   0.463000E+04   0.474387E+04  -0.113871E+03  -0.751815E+00
   0.581000E+01   0.581000E+01   0.429500E+04   0.429500E+04   0.435558E+04  -0.605758E+02  -0.420488E+00
   0.502000E+01   0.502000E+01   0.363000E+04   0.363000E+04   0.360890E+04   0.211019E+02   0.162503E+00
   0.201000E+01   0.201000E+01   0.139400E+04   0.139400E+04   0.129749E+04   0.965114E+02   0.107106E+01
   0.203000E+01   0.203000E+01   0.141400E+04   0.141400E+04   0.130979E+04   0.104215E+03   0.115345E+01
   0.157000E+01   0.157000E+01   0.109000E+04   0.109000E+04   0.103848E+04   0.515217E+02   0.596257E+00
   0.348000E+01   0.348000E+01   0.219800E+04   0.219800E+04   0.231501E+04  -0.117009E+03  -0.113335E+01
   0.336000E+01   0.336000E+01   0.208200E+04   0.208200E+04   0.222364E+04  -0.141642E+03  -0.139692E+01
   0.391000E+01   0.391000E+01   0.280900E+04   0.280900E+04   0.265392E+04   0.155076E+03   0.136942E+01
   0.433000E+01   0.433000E+01   0.320500E+04   0.320500E+04   0.300194E+04   0.203060E+03   0.168191E+01
   0.437000E+01   0.437000E+01   0.322100E+04   0.322100E+04   0.303594E+04   0.185058E+03   0.152807E+01
   0.677000E+01   0.677000E+01   0.545100E+04   0.545100E+04   0.533410E+04   0.116897E+03   0.691128E+00
   0.832000E+01   0.832000E+01   0.712400E+04   0.712400E+04   0.707051E+04   0.534923E+02   0.257116E+00
   0.498000E+01   0.498000E+01   0.347700E+04   0.347700E+04   0.357254E+04  -0.955429E+02  -0.751716E+00
   0.207000E+01   0.207000E+01   0.147700E+04   0.147700E+04   0.133451E+04   0.142488E+03   0.156453E+01
   0.735000E+01   0.735000E+01   0.577200E+04   0.577200E+04   0.596173E+04  -0.189733E+03  -0.107074E+01
   0.740000E+01   0.740000E+01   0.585400E+04   0.585400E+04   0.601709E+04  -0.163093E+03  -0.911106E+00
   0.747000E+01   0.747000E+01   0.586500E+04   0.586500E+04   0.609493E+04  -0.229929E+03  -0.128151E+01
   0.160000E+01   0.160000E+01   0.109800E+04   0.109800E+04   0.105543E+04   0.425731E+02   0.491948E+00
   0.144000E+01   0.144000E+01   0.108800E+04   0.108800E+04   0.966265E+03   0.121735E+03   0.141383E+01
   0.137000E+01   0.137000E+01   0.954000E+03   0.954000E+03   0.928218E+03   0.257824E+02   0.303504E+00
   0.990000E+00   0.990000E+00   0.785000E+03   0.785000E+03   0.732159E+03   0.528413E+02   0.636226E+00
   0.440000E+01   0.440000E+01   0.318200E+04   0.318200E+04   0.306154E+04   0.120459E+03   0.999327E+00
   0.440000E+01   0.440000E+01   0.316400E+04   0.316400E+04   0.306154E+04   0.102459E+03   0.852095E+00
   0.272000E+01   0.272000E+01   0.175800E+04   0.175800E+04   0.176077E+04  -0.277027E+01  -0.289351E-01
   0.270000E+01   0.270000E+01   0.176600E+04   0.176600E+04   0.174698E+04   0.190173E+02   0.198549E+00
   0.682000E+01   0.682000E+01   0.545700E+04   0.545700E+04   0.538715E+04   0.698549E+02   0.412385E+00
   0.681000E+01   0.681000E+01   0.535300E+04   0.535300E+04   0.537652E+04  -0.235206E+02  -0.140607E+00
   0.750000E+01   0.750000E+01   0.626900E+04   0.626900E+04   0.612841E+04   0.140595E+03   0.748470E+00
   0.752000E+01   0.752000E+01   0.620100E+04   0.620100E+04   0.615076E+04   0.502377E+02   0.269401E+00
   0.860000E+01   0.860000E+01   0.743500E+04   0.743500E+04   0.740707E+04   0.279257E+02   0.129611E+00
   0.859000E+01   0.859000E+01   0.735300E+04   0.735300E+04   0.739468E+04  -0.416751E+02  -0.195049E+00
   0.955000E+01   0.955000E+01   0.853700E+04   0.853700E+04   0.868359E+04  -0.146592E+03  -0.605411E+00
   0.955000E+01   0.955000E+01   0.839900E+04   0.839900E+04   0.868359E+04  -0.284592E+03  -0.119026E+01
   0.976000E+01   0.976000E+01   0.863700E+04   0.863700E+04   0.898810E+04  -0.351100E+03  -0.143337E+01
   0.971000E+01   0.971000E+01   0.863800E+04   0.863800E+04   0.891493E+04  -0.276932E+03  -0.113115E+01
   0.148000E+01   0.148000E+01   0.965000E+03   0.965000E+03   0.990636E+03  -0.256365E+02  -0.300614E+00
   0.147000E+01   0.147000E+01   0.101400E+04   0.101400E+04   0.985112E+03   0.288879E+02   0.337426E+00
   0.236000E+01   0.236000E+01   0.172400E+04   0.172400E+04   0.152185E+04   0.202147E+03   0.214019E+01
   0.244000E+01   0.244000E+01   0.177800E+04   0.177800E+04   0.157441E+04   0.203590E+03   0.213691E+01
   0.255000E+01   0.255000E+01   0.183400E+04   0.183400E+04   0.164779E+04   0.186205E+03   0.193546E+01
   0.860000E+00   0.860000E+00   0.434000E+03   0.434000E+03   0.671301E+03  -0.237301E+03  -0.273450E+01
   0.870000E+00   0.870000E+00   0.522000E+03   0.522000E+03   0.676067E+03  -0.154067E+03  -0.172174E+01
   0.870000E+00   0.870000E+00   0.559000E+03   0.559000E+03   0.676067E+03  -0.117067E+03  -0.143343E+01
   0.890000E+00   0.890000E+00   0.596000E+03   0.596000E+03   0.685638E+03  -0.896382E+02  -0.109485E+01
   0.108800E+02   0.108800E+02   0.108810E+05   0.108810E+05   0.107354E+05   0.145609E+03   0.487703E+00
   0.109200E+02   0.109200E+02   0.108630E+05   0.108630E+05   0.108011E+05   0.619422E+02   0.207674E+00
   0.111000E+02   0.111000E+02   0.110510E+05   0.110510E+05   0.110994E+05  -0.483871E+02  -0.159657E+00
   0.107500E+02   0.107500E+02   0.106140E+05   0.106140E+05   0.105236E+05   0.904349E+02   0.309584E+00
   0.108700E+02   0.108700E+02   0.108100E+05   0.108100E+05   0.107190E+05   0.909904E+02   0.306451E+00
   0.107400E+02   0.107400E+02   0.104010E+05   0.104010E+05   0.105074E+05  -0.106372E+03  -0.370300E+00
   0.104900E+02   0.104900E+02   0.985100E+04   0.985100E+04   0.101073E+05  -0.256323E+03  -0.935051E+00
   0.993000E+01   0.993000E+01   0.900100E+04   0.900100E+04   0.924548E+04  -0.244484E+03  -0.964412E+00
   0.136000E+01   0.136000E+01   0.104100E+04   0.104100E+04   0.939738E+03   0.101262E+03   0.118253E+01
   0.190000E+01   0.190000E+01   0.103000E+04   0.103000E+04   0.107758E+04  -0.475836E+02  -0.552621E+00
   0.183000E+01   0.183000E+01   0.109500E+04   0.109500E+04   0.103788E+04   0.571186E+02   0.660746E+00
   0.241000E+01   0.241000E+01   0.160100E+04   0.160100E+04   0.160035E+04   0.652623E+00   0.698816E-02
   0.233000E+01   0.233000E+01   0.151200E+04   0.151200E+04   0.154745E+04  -0.354546E+02  -0.384316E+00
   0.261000E+01   0.261000E+01   0.181200E+04   0.181200E+04   0.173556E+04   0.764429E+02   0.794015E+00
   0.562000E+01   0.562000E+01   0.436400E+04   0.436400E+04   0.424196E+04   0.122037E+03   0.841440E+00
   0.551000E+01   0.551000E+01   0.428900E+04   0.428900E+04   0.413586E+04   0.153136E+03   0.106842E+01
   0.553000E+01   0.553000E+01   0.428100E+04   0.428100E+04   0.415508E+04   0.125923E+03   0.879135E+00
   0.550000E+01   0.550000E+01   0.429300E+04   0.429300E+04   0.412627E+04   0.166730E+03   0.116287E+01
   0.551000E+01   0.551000E+01   0.429000E+04   0.429000E+04   0.413586E+04   0.154136E+03   0.107525E+01
   0.520000E+00   0.520000E+00   0.470000E+03   0.470000E+03   0.547219E+03  -0.772186E+02  -0.955929E+00
   0.520000E+00   0.520000E+00   0.453000E+03   0.453000E+03   0.547219E+03  -0.942186E+02  -0.116726E+01
   0.500000E+00   0.500000E+00   0.445000E+03   0.445000E+03   0.538449E+03  -0.934488E+02  -0.115865E+01
   0.790000E+00   0.790000E+00   0.575000E+03   0.575000E+03   0.670873E+03  -0.958732E+02  -0.117323E+01
   0.810000E+00   0.810000E+00   0.567000E+03   0.567000E+03   0.680416E+03  -0.113416E+03  -0.138782E+01
   0.820000E+00   0.820000E+00   0.588000E+03   0.588000E+03   0.685206E+03  -0.972064E+02  -0.118784E+01
   0.130000E+01   0.130000E+01   0.108100E+04   0.108100E+04   0.987166E+03   0.938342E+02   0.108943E+01
   0.134000E+01   0.134000E+01   0.105500E+04   0.105500E+04   0.100935E+04   0.456477E+02   0.530669E+00
   0.440000E+01   0.440000E+01   0.327300E+04   0.327300E+04   0.321512E+04   0.578766E+02   0.472318E+00
   0.346000E+01   0.346000E+01   0.243700E+04   0.243700E+04   0.243746E+04  -0.462715E+00  -0.432574E-02
   0.347000E+01   0.347000E+01   0.245200E+04   0.245200E+04   0.244529E+04   0.670532E+01   0.625444E-01
   0.109000E+01   0.109000E+01   0.807000E+03   0.807000E+03   0.873839E+03  -0.668388E+02  -0.797903E+00
   0.401000E+01   0.401000E+01   0.293300E+04   0.293300E+04   0.288243E+04   0.505703E+02   0.436184E+00
   0.382000E+01   0.382000E+01   0.265100E+04   0.265100E+04   0.272547E+04  -0.744681E+02  -0.670407E+00
   0.378000E+01   0.378000E+01   0.274900E+04   0.274900E+04   0.269286E+04   0.561431E+02   0.499278E+00
   0.506000E+01   0.506000E+01   0.375400E+04   0.375400E+04   0.380952E+04  -0.555187E+02  -0.418568E+00
   0.505000E+01   0.505000E+01   0.379100E+04   0.379100E+04   0.380022E+04  -0.922449E+01  -0.692176E-01
   0.493000E+01   0.493000E+01   0.364900E+04   0.364900E+04   0.368938E+04  -0.403784E+02  -0.309576E+00
   0.493000E+01   0.493000E+01   0.363500E+04   0.363500E+04   0.368938E+04  -0.543784E+02  -0.417696E+00
   0.363000E+01   0.363000E+01   0.255900E+04   0.255900E+04   0.257192E+04  -0.129190E+02  -0.118312E+00
   0.360000E+01   0.360000E+01   0.250100E+04   0.250100E+04   0.254799E+04  -0.469893E+02  -0.434006E+00
   0.900000E+00   0.900000E+00   0.755000E+03   0.755000E+03   0.775959E+03  -0.209593E+02  -0.252337E+00
   0.880000E+00   0.880000E+00   0.759000E+03   0.759000E+03   0.765919E+03  -0.691853E+01  -0.833133E-01
   0.101000E+01   0.101000E+01   0.829000E+03   0.829000E+03   0.832080E+03  -0.308022E+01  -0.367872E-01
   0.106000E+01   0.106000E+01   0.785000E+03   0.785000E+03   0.858087E+03  -0.730869E+02  -0.874534E+00
   0.930000E+00   0.930000E+00   0.800000E+03   0.800000E+03   0.791115E+03   0.888508E+01   0.106554E+00
   0.198000E+01   0.198000E+01   0.149200E+04   0.149200E+04   0.138954E+04   0.102463E+03   0.112056E+01
   0.198000E+01   0.198000E+01   0.146500E+04   0.146500E+04   0.138954E+04   0.754630E+02   0.827755E+00
   0.199000E+01   0.199000E+01   0.142200E+04   0.142200E+04   0.139584E+04   0.261560E+02   0.288176E+00
   0.199000E+01   0.199000E+01   0.146200E+04   0.146200E+04   0.139584E+04   0.661560E+02   0.725711E+00
   0.493000E+01   0.493000E+01   0.365900E+04   0.365900E+04   0.368938E+04  -0.303784E+02  -0.232596E+00
   0.495000E+01   0.495000E+01   0.371600E+04   0.371600E+04   0.370776E+04   0.823518E+01   0.625472E-01
   0.496000E+01   0.496000E+01   0.373100E+04   0.373100E+04   0.371697E+04   0.140288E+02   0.106314E+00
   0.576000E+01   0.576000E+01   0.441400E+04   0.441400E+04   0.448160E+04  -0.676048E+02  -0.461017E+00
   0.410000E+01   0.410000E+01   0.256300E+04   0.256300E+04   0.277728E+04  -0.214277E+03  -0.194871E+01
   0.402000E+01   0.402000E+01   0.250200E+04   0.250200E+04   0.271173E+04  -0.209729E+03  -0.192677E+01
   0.715000E+01   0.715000E+01   0.574500E+04   0.574500E+04   0.570003E+04   0.449685E+02   0.255494E+00
   0.713000E+01   0.713000E+01   0.570700E+04   0.570700E+04   0.567832E+04   0.286777E+02   0.163706E+00
   0.711000E+01   0.711000E+01   0.567300E+04   0.567300E+04   0.565665E+04   0.163549E+02   0.937605E-01
   0.591000E+01   0.591000E+01   0.450700E+04   0.450700E+04   0.441563E+04   0.913692E+02   0.616449E+00
   0.591000E+01   0.591000E+01   0.463000E+04   0.463000E+04   0.441563E+04   0.214369E+03   0.142372E+01
   0.112000E+01   0.112000E+01   0.569000E+03   0.569000E+03   0.875779E+03  -0.306779E+03  -0.371648E+01
   0.113000E+01   0.113000E+01   0.586000E+03   0.586000E+03   0.881058E+03  -0.295058E+03  -0.357033E+01
   0.118000E+01   0.118000E+01   0.604000E+03   0.604000E+03   0.907640E+03  -0.303640E+03  -0.366567E+01
   0.164000E+01   0.164000E+01   0.119700E+04   0.119700E+04   0.116619E+04   0.308053E+02   0.350868E+00
   0.173000E+01   0.173000E+01   0.125400E+04   0.125400E+04   0.121966E+04   0.343358E+02   0.387954E+00
   0.430000E+01   0.430000E+01   0.325500E+04   0.325500E+04   0.310583E+04   0.149168E+03   0.122377E+01
   0.401000E+01   0.401000E+01   0.297000E+04   0.297000E+04   0.286048E+04   0.109516E+03   0.940422E+00
   0.402000E+01   0.402000E+01   0.297300E+04   0.297300E+04   0.286881E+04   0.104185E+03   0.894075E+00
   0.329000E+01   0.329000E+01   0.237200E+04   0.237200E+04   0.228568E+04   0.863215E+02   0.818069E+00
   0.163000E+01   0.163000E+01   0.113600E+04   0.113600E+04   0.116031E+04  -0.243109E+02  -0.278585E+00
   0.448000E+01   0.448000E+01   0.342100E+04   0.342100E+04   0.326201E+04   0.158993E+03   0.127008E+01
   0.990000E+00   0.990000E+00   0.819000E+03   0.819000E+03   0.808264E+03   0.107360E+02   0.128464E+00
   0.340000E+01   0.340000E+01   0.242100E+04   0.242100E+04   0.237026E+04   0.507389E+02   0.476393E+00
   0.340000E+01   0.340000E+01   0.242100E+04   0.242100E+04   0.237026E+04   0.507389E+02   0.476393E+00
   0.461000E+01   0.461000E+01   0.344700E+04   0.344700E+04   0.337663E+04   0.703696E+02   0.558571E+00
   0.464000E+01   0.464000E+01   0.344700E+04   0.344700E+04   0.340330E+04   0.437017E+02   0.346663E+00
   0.543000E+01   0.543000E+01   0.415800E+04   0.415800E+04   0.413423E+04   0.237678E+02   0.168695E+00
   0.154000E+01   0.154000E+01   0.112100E+04   0.112100E+04   0.110787E+04   0.131252E+02   0.150979E+00
   0.343000E+01   0.343000E+01   0.246200E+04   0.246200E+04   0.239353E+04   0.684656E+02   0.638834E+00
   0.301000E+01   0.301000E+01   0.212200E+04   0.212200E+04   0.207577E+04   0.462263E+02   0.455976E+00
   0.135000E+01   0.135000E+01   0.110800E+04   0.110800E+04   0.100028E+04   0.107723E+03   0.124682E+01
   0.470000E+00   0.470000E+00   0.538000E+03   0.538000E+03   0.559721E+03  -0.217211E+02  -0.267845E+00
   0.445000E+01   0.445000E+01   0.324800E+04   0.324800E+04   0.323577E+04   0.122268E+02   0.100067E+00
   0.131000E+01   0.131000E+01   0.102100E+04   0.102100E+04   0.978168E+03   0.428316E+02   0.500156E+00
   0.768000E+01   0.768000E+01   0.665465E+04   0.665465E+04   0.650321E+04   0.151439E+03   0.366779E+00
   0.930000E+01   0.930000E+01   0.800600E+04   0.800600E+04   0.852190E+04  -0.515903E+03  -0.637996E+00
   0.600000E+00   0.600000E+00   0.532100E+03   0.532100E+03   0.615809E+03  -0.837086E+02  -0.990551E+00
   0.530000E+00   0.530000E+00   0.531970E+03   0.531970E+03   0.583910E+03  -0.519401E+02  -0.615572E+00
   0.600000E+00   0.600000E+00   0.520880E+03   0.520880E+03   0.615809E+03  -0.949286E+02  -0.112565E+01
   0.632000E+01   0.632000E+01   0.499844E+04   0.499844E+04   0.501573E+04  -0.172916E+02  -0.919650E-01
   0.139000E+01   0.139000E+01   0.109107E+04   0.109107E+04   0.101926E+04   0.718116E+02   0.814050E+00
   0.280000E+00   0.280000E+00   0.397010E+03   0.397010E+03   0.475422E+03  -0.784119E+02  -0.971025E+00
   0.280000E+00   0.280000E+00   0.383410E+03   0.383410E+03   0.475422E+03  -0.920119E+02  -0.112359E+01
   0.510000E+00   0.510000E+00   0.508780E+03   0.508780E+03   0.574917E+03  -0.661368E+02  -0.800846E+00
   0.239000E+01   0.239000E+01   0.180352E+04   0.180352E+04   0.163534E+04   0.168177E+03   0.167575E+01
   0.235000E+01   0.235000E+01   0.169312E+04   0.169312E+04   0.160859E+04   0.845330E+02   0.858058E+00
   0.153000E+01   0.153000E+01   0.125138E+04   0.125138E+04   0.109869E+04   0.152689E+03   0.168873E+01
